#FORMAT=WebAnno TSV 3.3
#T_SP=de.tudarmstadt.ukp.dkpro.core.api.lexmorph.type.morph.MorphologicalFeatures|animacy|aspect|case|definiteness|degree|gender|mood|negative|numType|number|person|possessive|pronType|reflex|tense|transitivity|value|verbForm|voice
#T_SP=de.tudarmstadt.ukp.dkpro.core.api.lexmorph.type.pos.POS|PosValue|coarseValue
#T_SP=de.tudarmstadt.ukp.dkpro.core.api.segmentation.type.Lemma|value
#T_SP=webanno.custom.PQUAL|Pqual
#T_SP=webanno.custom.PTAG|PersEnt|Ptags
#T_RL=de.tudarmstadt.ukp.dkpro.core.api.syntax.type.dependency.Dependency|DependencyType|flavor|BT_de.tudarmstadt.ukp.dkpro.core.api.lexmorph.type.pos.POS
#T_RL=webanno.custom.PREL|Prel|BT_webanno.custom.PTAG


#Text=Kibuggyanó belső ellentétekkel startolt el Meloni kormányzása A szeptemberi fölényes választási győzelem után a hétvégén felállt a Giorgia Meloni vezette új olasz kormány .
1-1	0-10	Kibuggyanó	*	*	Nom	*	Pos	*	*	*	*	Sing	*	*	*	*	*	*	Case=Nom\|Degree=Pos\|Number=Sing	*	*	\[/Adj\]\[Nom\]	ADJ	kibuggyanó	_	_	_	ATT	basic	1-3	_	_	
1-2	11-16	belső	*	*	Nom	*	Pos	*	*	*	*	Sing	*	*	*	*	*	*	Case=Nom\|Degree=Pos\|Number=Sing	*	*	\[/Adj\]\[Nom\]	ADJ	belső	_	_	_	ATT	basic	1-3	_	_	
1-3	17-30	ellentétekkel	*	*	Ins	*	*	*	*	*	*	Plur	*	*	*	*	*	*	Case=Ins\|Number=Plur	*	*	\[/N\]\[Pl\]\[Ins\]	NOUN	ellentét	_	_	_	OBL	basic	1-4	_	_	
1-4	31-39	startolt	*	*	Nom	*	Pos	*	*	*	*	Sing	*	*	*	*	*	*	Case=Nom\|Degree=Pos\|Number=Sing	*	*	\[/Adj\]\[Nom\]	ADJ	startolt	Pnov[1]	*[4]	PRW[4]	ATT	basic	1-7	_	_	
1-5	40-42	el	_	_	_	_	_	_	_	_	_	_	_	_	_	_	_	_	_	_	_	\[/Prev\]	ADV	el	Pnov[1]	*[4]	PRW[4]	PREVERB	basic	1-7	_	_	
1-6	43-49	Meloni	*	*	Nom	*	*	*	*	*	*	Sing	*	*	*	*	*	*	Case=Nom\|Number=Sing	*	*	\[/N\]	PROPN	Meloni	_	_	_	ATT	basic	1-7	_	_	
1-7	50-61	kormányzása	*	*	Nom	*	*	*	*	*	*	Sing	*	*	*	*	*	*	Case=Nom\|Number=Sing\|Number\[psor\]=Sing\|Person\[psor\]=3	*	*	\[/N\]\[Poss.3Sg\]\[Nom\]	NOUN	kormányzás	_	*	PRA	SUBJ	basic	1-16	_	_	
1-8	62-63	A	*	*	*	*	*	*	*	*	*	*	*	*	Art	*	*	*	Definite=Def\|PronType=Art	*	*	\[/Det\|Art.Def\]	DET	a	_	_	_	DET	basic	1-12	_	_	
1-9	64-75	szeptemberi	*	*	Nom	*	Pos	*	*	*	*	Sing	*	*	*	*	*	*	Case=Nom\|Degree=Pos\|Number=Sing	*	*	\[/Adj\]\[Nom\]	ADJ	szeptemberi	_	_	_	ATT	basic	1-12	_	_	
1-10	76-84	fölényes	*	*	Nom	*	Pos	*	*	*	*	Sing	*	*	*	*	*	*	Case=Nom\|Degree=Pos\|Number=Sing	*	*	\[/Adj\]\[Nom\]	ADJ	fölényes	_	_	_	ATT	basic	1-12	_	_	
1-11	85-95	választási	*	*	Nom	*	Pos	*	*	*	*	Sing	*	*	*	*	*	*	Case=Nom\|Degree=Pos\|Number=Sing	*	*	\[/Adj\]\[Nom\]	ADJ	választási	_	_	_	ATT	basic	1-12	_	_	
1-12	96-104	győzelem	*	*	Nom	*	*	*	*	*	*	Sing	*	*	*	*	*	*	Case=Nom\|Number=Sing	*	*	\[/N\]\[Nom\]	NOUN	győzelem	_	_	_	ATT	basic	1-13	_	_	
1-13	105-109	után	_	_	_	_	_	_	_	_	_	_	_	_	_	_	_	_	_	_	_	\[/Post\]	ADP	után	_	_	_	TLOCY	basic	1-16	_	_	
1-14	110-111	a	*	*	*	*	*	*	*	*	*	*	*	*	Art	*	*	*	Definite=Def\|PronType=Art	*	*	\[/Det\|Art.Def\]	DET	a	_	_	_	DET	basic	1-15	_	_	
1-15	112-120	hétvégén	*	*	Sup	*	*	*	*	*	*	Sing	*	*	*	*	*	*	Case=Sup\|Number=Sing	*	*	\[/N\]\[Supe\]	NOUN	hétvége	_	_	_	OBL	basic	1-16	_	_	
1-16	121-128	felállt	*	*	*	*	*	*	Ind	*	*	Sing	3	*	*	*	Past	*	Definite=Ind\|Mood=Ind\|Number=Sing\|Person=3\|Tense=Past\|VerbForm=Fin\|Voice=Act	Fin	Act	\[/V\]\[Pst.NDef.3Sg\]	VERB	feláll	Pnov	*	PRW	ROOT	basic	1-16	_	_	
1-17	129-130	a	*	*	*	*	*	*	*	*	*	*	*	*	Art	*	*	*	Definite=Def\|PronType=Art	*	*	\[/Det\|Art.Def\]	DET	a	_	_	_	DET	basic	1-23	_	_	
1-18	131-138	Giorgia	*	*	Nom	*	*	*	*	*	*	Sing	*	*	*	*	*	*	Case=Nom\|Number=Sing	*	*	\[/N\]\[Nom\]	PROPN	Giorgia	_	_	_	NE	basic	1-19	_	_	
1-19	139-145	Meloni	*	*	Nom	*	*	*	*	*	*	Sing	*	*	*	*	*	*	Case=Nom\|Number=Sing	*	*	\[/N\]	PROPN	Meloni	_	_	_	SUBJ	basic	1-20	_	_	
1-20	146-153	vezette	*	*	*	*	*	*	Ind	*	*	Sing	3	*	*	*	Past	*	Definite=Def\|Mood=Ind\|Number=Sing\|Person=3\|Tense=Past\|VerbForm=Fin\|Voice=Act	Fin	Act	\[/V\]\[Pst.Def.3Sg\]	VERB	vezet	_	_	_	ATT	basic	1-23	_	_	
1-21	154-156	új	*	*	Nom	*	Pos	*	*	*	*	Sing	*	*	*	*	*	*	Case=Nom\|Degree=Pos\|Number=Sing	*	*	\[/Adj\]\[Nom\]	ADJ	új	_	_	_	ATT	basic	1-23	_	_	
1-22	157-162	olasz	*	*	Nom	*	Pos	*	*	*	*	Sing	*	*	*	*	*	*	Case=Nom\|Degree=Pos\|Number=Sing	*	*	\[/Adj\]\[Nom\]	ADJ	olasz	_	_	_	ATT	basic	1-23	_	_	
1-23	163-170	kormány	*	*	Nom	*	*	*	*	*	*	Sing	*	*	*	*	*	*	Case=Nom\|Number=Sing	*	*	\[/N\]\[Nom\]	NOUN	kormány	_	*	PRA	SUBJ	basic	1-16	tr	1-16	
1-24	171-172	.	_	_	_	_	_	_	_	_	_	_	_	_	_	_	_	_	_	_	_	\[Punct\]	PUNCT	.	_	_	_	PUNCT	basic	1-24	_	_	

#Text=Olaszország első női miniszterelnöke a posztfasiszta gyökerű , de erősen néppártosodni próbáló Olasz Testvérek ( Fratelli d'Italia ) elnökeként vezet egy jobb- , és szélsőjobboldali pártokból álló koalíciót , amelynek tagjai között már az elején nyílt csörte alakult ki .
2-1	173-184	Olaszország	*	*	Nom	*	*	*	*	*	*	Sing	*	*	*	*	*	*	Case=Nom\|Number=Sing	*	*	\[/N\]\[Nom\]	PROPN	Olaszország	_	_	_	ATT	basic	2-4	_	_	
2-2	185-189	első	*	*	Nom	*	*	*	*	*	Ord	Sing	*	*	*	*	*	*	Case=Nom\|Number=Sing\|NumType=Ord	*	*	\[/Num\]\[\_Ord/Adj\]\[Nom\]	ADJ	egy	_	_	_	ATT	basic	2-4	_	_	
2-3	190-193	női	*	*	Nom	*	Pos	*	*	*	*	Sing	*	*	*	*	*	*	Case=Nom\|Degree=Pos\|Number=Sing	*	*	\[/Adj\]\[Nom\]	ADJ	női	_	_	_	ATT	basic	2-4	_	_	
2-4	194-209	miniszterelnöke	*	*	Nom	*	*	*	*	*	*	Sing	*	*	*	*	*	*	Case=Nom\|Number=Sing\|Number\[psor\]=Sing\|Person\[psor\]=3	*	*	\[/N\]\[Poss.3Sg\]\[Nom\]	NOUN	miniszterelnök	_	_	_	SUBJ	basic	2-20	_	_	
2-5	210-211	a	*	*	*	*	*	*	*	*	*	*	*	*	Art	*	*	*	Definite=Def\|PronType=Art	*	*	\[/Det\|Art.Def\]	DET	a	_	_	_	DET	basic	2-6	_	_	
2-6	212-225	posztfasiszta	*	*	Nom	*	*	*	*	*	*	Sing	*	*	*	*	*	*	Case=Nom\|Number=Sing	*	*	\[/N\]\[Nom\]	NOUN	posztfasiszta	_	_	_	ATT	basic	2-7	_	_	
2-7	226-233	gyökerű	*	*	Nom	*	Pos	*	*	*	*	Sing	*	*	*	*	*	*	Case=Nom\|Degree=Pos\|Number=Sing	*	*	\[/Adj\]\[Nom\]	ADJ	gyökerű	_	_	_	ATT	basic	2-14	_	_	
2-8	234-235	,	_	_	_	_	_	_	_	_	_	_	_	_	_	_	_	_	_	_	_	\[Punct\]	PUNCT	,	_	_	_	PUNCT	basic	2-7	_	_	
2-9	236-238	de	_	_	_	_	_	_	_	_	_	_	_	_	_	_	_	_	_	_	_	\[/Cnj\]	CONJ	de	_	_	_	CONJ	basic	2-7	_	_	
2-10	239-245	erősen	*	*	Ess	*	Pos	*	*	*	*	Sing	*	*	*	*	*	*	Case=Ess\|Degree=Pos\|Number=Sing	*	*	\[/Adj\]\[\_Manner/Adv\]	ADJ	erős	_	_	_	MODE	basic	2-11	_	_	
2-11	246-259	néppártosodni	*	*	*	*	*	*	*	*	*	*	*	*	*	*	*	*	VerbForm=Inf\|Voice=Act	Inf	Act	\[/V\]\[Inf\]	VERB	néppártosodik	_	*	PRA	INF	basic	2-12	lm	2-12	
2-12	260-267	próbáló	*	*	Nom	*	Pos	*	*	*	*	Sing	*	*	*	*	*	*	Case=Nom\|Degree=Pos\|Number=Sing	*	*	\[/Adj\]\[Nom\]	ADJ	próbáló	Pmet	*	PRW	COORD	basic	2-9	_	_	
2-13	268-273	Olasz	*	*	Nom	*	Pos	*	*	*	*	Sing	*	*	*	*	*	*	Case=Nom\|Degree=Pos\|Number=Sing	*	*	\[/Adj\]\[Nom\]	PROPN	olasz	_	*[5]	PRA[5]	ATT	basic	2-14	tr	2-12[0_5]	
2-14	274-283	Testvérek	*	*	Nom	*	*	*	*	*	*	Plur	*	*	*	*	*	*	Case=Nom\|Number=Plur	*	*	\[/N\]\[Pl\]\[Nom\]	PROPN	testvér	_	*[5]	PRA[5]	ATT	basic	2-19	_	_	
2-15	284-285	(	_	_	_	_	_	_	_	_	_	_	_	_	_	_	_	_	_	_	_	\[Punct\]	PUNCT	(	_	_	_	PUNCT	basic	2-17	_	_	
2-16	286-294	Fratelli	*	*	Nom	*	*	*	*	*	*	Sing	*	*	*	*	*	*	Case=Nom\|Number=Sing	*	*	\[/N\]\[Nom\]	PROPN	Fratelli	_	_	_	ATT	basic	2-17	_	_	
2-17	295-303	d'Italia	*	*	Nom	*	*	*	*	*	*	Sing	*	*	*	*	*	*	Case=Nom\|Number=Sing	*	*	\[/N\]	NOUN	d'Italia	_	_	_	APPEND	basic	2-14	_	_	
2-18	304-305	)	_	_	_	_	_	_	_	_	_	_	_	_	_	_	_	_	_	_	_	\[Punct\]	PUNCT	)	_	_	_	PUNCT	basic	2-17	_	_	
2-19	306-316	elnökeként	*	*	Ess	*	*	*	*	*	*	Sing	*	*	*	*	*	*	Case=Ess\|Number=Sing\|Number\[psor\]=Sing\|Person\[psor\]=3	*	*	\[/N\]\[Poss.3Sg\]\[EssFor:ként\]	NOUN	elnök	_	_	_	OBL	basic	2-20	_	_	
2-20	317-322	vezet	*	*	*	*	*	*	Ind	*	*	Sing	3	*	*	*	Pres	*	Definite=Ind\|Mood=Ind\|Number=Sing\|Person=3\|Tense=Pres\|VerbForm=Fin\|Voice=Act	Fin	Act	\[/V\]\[Prs.NDef.3Sg\]	VERB	vezet	_	_	_	ROOT	basic	2-20	_	_	
2-21	323-326	egy	*	*	*	*	*	*	*	*	*	*	*	*	Art	*	*	*	Definite=Ind\|PronType=Art	*	*	\[/Det\|Art.NDef\]	DET	egy	_	_	_	DET	basic	2-22	_	_	
2-22	327-332	jobb-	*	*	Nom	*	*	*	*	*	*	Sing	*	*	*	*	*	*	Case=Nom\|Number=Sing	*	*	\[/N\]\[Nom\]\[Hyph:Hyph\]	NOUN	jobb	_	_	_	SUBJ	basic	2-20	_	_	
2-23	333-334	,	_	_	_	_	_	_	_	_	_	_	_	_	_	_	_	_	_	_	_	\[Punct\]	PUNCT	,	_	_	_	PUNCT	basic	2-20	_	_	
2-24	335-337	és	_	_	_	_	_	_	_	_	_	_	_	_	_	_	_	_	_	_	_	\[/Cnj\]	CONJ	és	_	_	_	CONJ	basic	2-20	_	_	
2-25	338-354	szélsőjobboldali	*	*	Nom	*	Pos	*	*	*	*	Sing	*	*	*	*	*	*	Case=Nom\|Degree=Pos\|Number=Sing	*	*	\[/Adj\]\[Nom\]	ADJ	szélsőjobboldali	_	_	_	ATT	basic	2-26	_	_	
2-26	355-364	pártokból	*	*	Ela	*	*	*	*	*	*	Plur	*	*	*	*	*	*	Case=Ela\|Number=Plur	*	*	\[/N\]\[Pl\]\[Ela\]	NOUN	párt	_	_	_	OBL	basic	2-27	_	_	
2-27	365-369	álló	*	*	Nom	*	Pos	*	*	*	*	Sing	*	*	*	*	*	*	Case=Nom\|Degree=Pos\|Number=Sing	*	*	\[/Adj\]\[Nom\]	ADJ	álló	_	_	_	ATT	basic	2-28	_	_	
2-28	370-379	koalíciót	*	*	Acc	*	*	*	*	*	*	Sing	*	*	*	*	*	*	Case=Acc\|Number=Sing	*	*	\[/N\]\[Acc\]	NOUN	koalíció	_	_	_	OBJ	basic	2-38	_	_	
2-29	380-381	,	_	_	_	_	_	_	_	_	_	_	_	_	_	_	_	_	_	_	_	\[Punct\]	PUNCT	,	_	_	_	PUNCT	basic	2-28	_	_	
2-30	382-390	amelynek	*	*	Dat	*	*	*	*	*	*	Sing	3	*	Rel	*	*	*	Case=Dat\|Number=Sing\|Person=3\|PronType=Rel	*	*	\[/N\|Pro\|Rel\]\[Dat\]	PRON	amely	_	_	_	ATT	basic	2-31	_	_	
2-31	391-397	tagjai	*	*	Nom	*	*	*	*	*	*	Plur	*	*	*	*	*	*	Case=Nom\|Number=Plur\|Number\[psor\]=Sing\|Person\[psor\]=3	*	*	\[/N\]\[Pl.Poss.3Sg\]\[Nom\]	NOUN	tag	_	_	_	ATT	basic	2-32	_	_	
2-32	398-404	között	_	_	_	_	_	_	_	_	_	_	_	_	_	_	_	_	_	_	_	\[/Post\]	ADP	között	_	_	_	MODE	basic	2-38	_	_	
2-33	405-408	már	_	_	_	_	_	_	_	_	_	_	_	_	_	_	_	_	_	_	_	\[/Adv\]	ADV	már	_	_	_	TLOCY	basic	2-38	_	_	
2-34	409-411	az	*	*	*	*	*	*	*	*	*	*	*	*	Art	*	*	*	Definite=Def\|PronType=Art	*	*	\[/Det\|Art.Def\]	DET	az	_	_	_	DET	basic	2-35	_	_	
2-35	412-418	elején	*	*	Sup	*	*	*	*	*	*	Sing	*	*	*	*	*	*	Case=Sup\|Number=Sing\|Number\[psor\]=Sing\|Person\[psor\]=3	*	*	\[/N\]\[Poss.3Sg\]\[Supe\]	NOUN	eleje	_	_	_	OBL	basic	2-38	_	_	
2-36	419-424	nyílt	*	*	Nom	*	Pos	*	*	*	*	Sing	*	*	*	*	*	*	Case=Nom\|Degree=Pos\|Number=Sing	*	*	\[/Adj\]\[Nom\]	ADJ	nyílt	_	_	_	ATT	basic	2-37	_	_	
2-37	425-431	csörte	*	*	Nom	*	*	*	*	*	*	Sing	*	*	*	*	*	*	Case=Nom\|Number=Sing	*	*	\[/N\]\[Nom\]	NOUN	csörte	_	_	_	SUBJ	basic	2-38	_	_	
2-38	432-439	alakult	*	*	*	*	*	*	Ind	*	*	Sing	3	*	*	*	Past	*	Definite=Ind\|Mood=Ind\|Number=Sing\|Person=3\|Tense=Past\|VerbForm=Fin\|Voice=Act	Fin	Act	\[/V\]\[Pst.NDef.3Sg\]	VERB	alakul	_	_	_	COORD	basic	2-24	_	_	
2-39	440-442	ki	_	_	_	_	_	_	_	_	_	_	_	_	_	_	_	_	_	_	_	\[/Prev\]	ADV	ki	_	_	_	PREVERB	basic	2-38	_	_	
2-40	443-444	.	_	_	_	_	_	_	_	_	_	_	_	_	_	_	_	_	_	_	_	\[Punct\]	PUNCT	.	_	_	_	PUNCT	basic	2-40	_	_	

#Text=Emiatt Meloni már a kormány alakulása közben is hangsúlyozta , nem nézi jó szemmel az oroszbarát álláspontot leendő kabinetjében .
3-1	445-451	Emiatt	*	*	Nom	*	*	*	*	*	*	Sing	3	*	Prs	*	*	*	Case=Nom\|Number=Sing\|Person=3\|PronType=Prs	*	*	\[/Adv\|Pro\]	PRON	emiatt	_	_	_	ATT	basic	3-2	_	_	
3-2	452-458	Meloni	*	*	Nom	*	*	*	*	*	*	Sing	*	*	*	*	*	*	Case=Nom\|Number=Sing	*	*	\[/N\]\[Nom\]	PROPN	Meloni	_	_	_	SUBJ	basic	3-9	_	_	
3-3	459-462	már	_	_	_	_	_	_	_	_	_	_	_	_	_	_	_	_	_	_	_	\[/Adv\]	ADV	már	_	_	_	MODE	basic	3-7	_	_	
3-4	463-464	a	*	*	*	*	*	*	*	*	*	*	*	*	Art	*	*	*	Definite=Def\|PronType=Art	*	*	\[/Det\|Art.Def\]	DET	a	_	_	_	DET	basic	3-5	_	_	
3-5	465-472	kormány	*	*	Nom	*	*	*	*	*	*	Sing	*	*	*	*	*	*	Case=Nom\|Number=Sing	*	*	\[/N\]\[Nom\]	NOUN	kormány	_	_	_	ATT	basic	3-6	_	_	
3-6	473-482	alakulása	*	*	Nom	*	*	*	*	*	*	Sing	*	*	*	*	*	*	Case=Nom\|Number=Sing\|Number\[psor\]=Sing\|Person\[psor\]=3	*	*	\[/N\]\[Poss.3Sg\]\[Nom\]	NOUN	alakulás	_	_	_	ATT	basic	3-7	_	_	
3-7	483-489	közben	_	_	_	_	_	_	_	_	_	_	_	_	_	_	_	_	_	_	_	\[/Post\]	ADP	közben	_	_	_	TLOCY	basic	3-9	_	_	
3-8	490-492	is	_	_	_	_	_	_	_	_	_	_	_	_	_	_	_	_	_	_	_	\[/Adv\]	ADV	is	_	_	_	MODE	basic	3-9	_	_	
3-9	493-505	hangsúlyozta	*	*	*	*	*	*	Ind	*	*	Sing	3	*	*	*	Past	*	Definite=Def\|Mood=Ind\|Number=Sing\|Person=3\|Tense=Past\|VerbForm=Fin\|Voice=Act	Fin	Act	\[/V\]\[Pst.Def.3Sg\]	VERB	hangsúlyoz	_	_	_	ROOT	basic	3-9	_	_	
3-10	506-507	,	_	_	_	_	_	_	_	_	_	_	_	_	_	_	_	_	_	_	_	\[Punct\]	PUNCT	,	_	_	_	PUNCT	basic	3-9	_	_	
3-11	508-511	nem	*	*	*	*	*	*	*	*	*	*	*	*	Neg	*	*	*	PronType=Neg	*	*	\[/Adv\]	ADV	nem	_	_	_	NEG	basic	3-12	_	_	
3-12	512-516	nézi	*	*	*	*	*	*	Ind	*	*	Sing	3	*	*	*	Pres	*	Definite=Def\|Mood=Ind\|Number=Sing\|Person=3\|Tense=Pres\|VerbForm=Fin\|Voice=Act	Fin	Act	\[/V\]\[Prs.Def.3Sg\]	VERB	néz	_	_	_	ATT	basic	3-9	_	_	
3-13	517-519	jó	*	*	Nom	*	Pos	*	*	*	*	Sing	*	*	*	*	*	*	Case=Nom\|Degree=Pos\|Number=Sing	*	*	\[/Adj\]\[Nom\]	ADJ	jó	_	_	_	ATT	basic	3-14	_	_	
3-14	520-527	szemmel	*	*	Ins	*	*	*	*	*	*	Sing	*	*	*	*	*	*	Case=Ins\|Number=Sing	*	*	\[/N\]\[Ins\]	NOUN	szem	_	_	_	OBL	basic	3-12	_	_	
3-15	528-530	az	*	*	*	*	*	*	*	*	*	*	*	*	Art	*	*	*	Definite=Def\|PronType=Art	*	*	\[/Det\|Art.Def\]	DET	az	_	_	_	DET	basic	3-17	_	_	
3-16	531-541	oroszbarát	*	*	Nom	*	Pos	*	*	*	*	Sing	*	*	*	*	*	*	Case=Nom\|Degree=Pos\|Number=Sing	*	*	\[/Adj\]\[Nom\]	ADJ	oroszbarát	_	_	_	ATT	basic	3-17	_	_	
3-17	542-553	álláspontot	*	*	Acc	*	*	*	*	*	*	Sing	*	*	*	*	*	*	Case=Acc\|Number=Sing	*	*	\[/N\]\[Acc\]	NOUN	álláspont	_	_	_	OBJ	basic	3-12	_	_	
3-18	554-560	leendő	*	*	Nom	*	Pos	*	*	*	*	Sing	*	*	*	*	*	*	Case=Nom\|Degree=Pos\|Number=Sing	*	*	\[/Adj\]\[Nom\]	ADJ	leendő	_	_	_	ATT	basic	3-19	_	_	
3-19	561-573	kabinetjében	*	*	Ine	*	*	*	*	*	*	Sing	*	*	*	*	*	*	Case=Ine\|Number=Sing\|Number\[psor\]=Sing\|Person\[psor\]=3	*	*	\[/N\]\[Poss.3Sg\]\[Ine\]	NOUN	kabinet	_	_	_	OBL	basic	3-12	_	_	
3-20	574-575	.	_	_	_	_	_	_	_	_	_	_	_	_	_	_	_	_	_	_	_	\[Punct\]	PUNCT	.	_	_	_	PUNCT	basic	3-20	_	_	

#Text=Aztán az első parlamenti beszédében , kedden is azt mondta , hogy Olaszország „ a NATO és Ukrajna hű partnere ” , és nem fog engedni Vlagyimir Putyin orosz elnök energetikai zsarolásának sem .
4-1	576-581	Aztán	*	*	Nom	*	*	*	*	*	*	Sing	3	*	Prs	*	*	*	Case=Nom\|Number=Sing\|Person=3\|PronType=Prs	*	*	\[/Adv\|Pro\]	PRON	aztán	_	_	_	SUBJ	basic	4-10	_	_	
4-2	582-584	az	*	*	*	*	*	*	*	*	*	*	*	*	Art	*	*	*	Definite=Def\|PronType=Art	*	*	\[/Det\|Art.Def\]	DET	az	_	_	_	DET	basic	4-5	_	_	
4-3	585-589	első	*	*	Nom	*	*	*	*	*	Ord	Sing	*	*	*	*	*	*	Case=Nom\|Number=Sing\|NumType=Ord	*	*	\[/Num\]\[\_Ord/Adj\]\[Nom\]	ADJ	egy	_	_	_	ATT	basic	4-4	_	_	
4-4	590-600	parlamenti	*	*	Nom	*	Pos	*	*	*	*	Sing	*	*	*	*	*	*	Case=Nom\|Degree=Pos\|Number=Sing	*	*	\[/Adj\]\[Nom\]	ADJ	parlamenti	_	_	_	ATT	basic	4-5	_	_	
4-5	601-611	beszédében	*	*	Ine	*	*	*	*	*	*	Sing	*	*	*	*	*	*	Case=Ine\|Number=Sing\|Number\[psor\]=Sing\|Person\[psor\]=3	*	*	\[/N\]\[Poss.3Sg\]\[Ine\]	NOUN	beszéd	_	_	_	OBL	basic	4-10	_	_	
4-6	612-613	,	_	_	_	_	_	_	_	_	_	_	_	_	_	_	_	_	_	_	_	\[Punct\]	PUNCT	,	_	_	_	PUNCT	basic	4-10	_	_	
4-7	614-620	kedden	*	*	Sup	*	*	*	*	*	*	Sing	*	*	*	*	*	*	Case=Sup\|Number=Sing	*	*	\[/N\]\[Supe\]	NOUN	kedd	_	_	_	OBL	basic	4-10	_	_	
4-8	621-623	is	_	_	_	_	_	_	_	_	_	_	_	_	_	_	_	_	_	_	_	\[/Adv\]	ADV	is	_	_	_	MODE	basic	4-10	_	_	
4-9	624-627	azt	*	*	Acc	*	*	*	*	*	*	Sing	3	*	Dem	*	*	*	Case=Acc\|Number=Sing\|Person=3\|PronType=Dem	*	*	\[/Det\|Pro\]\[Acc\]	PRON	az	_	_	_	OBJ	basic	4-10	_	_	
4-10	628-634	mondta	*	*	*	*	*	*	Ind	*	*	Sing	3	*	*	*	Past	*	Definite=Def\|Mood=Ind\|Number=Sing\|Person=3\|Tense=Past\|VerbForm=Fin\|Voice=Act	Fin	Act	\[/V\]\[Pst.Def.3Sg\]	VERB	mond	_	_	_	ROOT	basic	4-10	_	_	
4-11	635-636	,	_	_	_	_	_	_	_	_	_	_	_	_	_	_	_	_	_	_	_	\[Punct\]	PUNCT	,	_	_	_	PUNCT	basic	4-10	_	_	
4-12	637-641	hogy	_	_	_	_	_	_	_	_	_	_	_	_	_	_	_	_	_	_	_	\[/Cnj\]	SCONJ	hogy	_	_	_	CONJ	basic	4-10	_	_	
4-13	642-653	Olaszország	*	*	Nom	*	*	*	*	*	*	Sing	*	*	*	*	*	*	Case=Nom\|Number=Sing	*	*	\[/N\]\[Nom\]	PROPN	Olaszország	_	*[6]|*[7]	PRA[6]|PRA[7]	ATT	basic	4-12	tr|tr	4-20[0_6]|4-19[0_7]	
4-14	654-655	„	_	_	_	_	_	_	_	_	_	_	_	_	_	_	_	_	_	_	_	\[Punct\]	PUNCT	„	_	_	_	PUNCT	basic	4-13	_	_	
4-15	656-657	a	*	*	*	*	*	*	*	*	*	*	*	*	Art	*	*	*	Definite=Def\|PronType=Art	*	*	\[/Det\|Art.Def\]	DET	a	_	_	_	DET	basic	4-16	_	_	
4-16	658-662	NATO	*	*	Nom	*	*	*	*	*	*	Sing	*	*	*	*	*	*	Case=Nom\|Number=Sing	*	*	\[/N\]\[Nom\]	PROPN	NATO	_	*	PRA	ATT	basic	4-20	lm	4-20	
4-17	663-665	és	_	_	_	_	_	_	_	_	_	_	_	_	_	_	_	_	_	_	_	\[/Cnj\]	CONJ	és	_	_	_	CONJ	basic	4-16	_	_	
4-18	666-673	Ukrajna	*	*	Nom	*	*	*	*	*	*	Sing	*	*	*	*	*	*	Case=Nom\|Number=Sing	*	*	\[/N\]\[Nom\]	PROPN	Ukrajna	_	*	PRA	COORD	basic	4-17	lm	4-20	
4-19	674-676	hű	*	*	Nom	*	Pos	*	*	*	*	Sing	*	*	*	*	*	*	Case=Nom\|Degree=Pos\|Number=Sing	*	*	\[/Adj\]\[Nom\]	ADJ	hű	Pmet	*	PRW	ATT	basic	4-20	_	_	
4-20	677-685	partnere	*	*	Nom	*	*	*	*	*	*	Sing	*	*	*	*	*	*	Case=Nom\|Number=Sing\|Number\[psor\]=Sing\|Person\[psor\]=3	*	*	\[/N\]\[Poss.3Sg\]\[Nom\]	NOUN	partner	Pmet	*	PRW	COORD	basic	4-13	_	_	
4-21	686-687	”	_	_	_	_	_	_	_	_	_	_	_	_	_	_	_	_	_	_	_	\[Punct\]	PUNCT	”	_	_	_	PUNCT	basic	4-10	_	_	
4-22	688-689	,	_	_	_	_	_	_	_	_	_	_	_	_	_	_	_	_	_	_	_	\[Punct\]	PUNCT	,	_	_	_	PUNCT	basic	4-10	_	_	
4-23	690-692	és	_	_	_	_	_	_	_	_	_	_	_	_	_	_	_	_	_	_	_	\[/Cnj\]	CONJ	és	_	_	_	CONJ	basic	4-10	_	_	
4-24	693-696	nem	*	*	*	*	*	*	*	*	*	*	*	*	Neg	*	*	*	PronType=Neg	*	*	\[/Adv\]	ADV	nem	_	_	_	NEG	basic	4-25	_	_	
4-25	697-700	fog	*	*	*	*	*	*	Ind	*	*	Sing	3	*	*	*	Pres	*	Definite=Ind\|Mood=Ind\|Number=Sing\|Person=3\|Tense=Pres\|VerbForm=Fin\|Voice=Act	Fin	Act	\[/V\]\[Prs.NDef.3Sg\]	VERB	fog	_	_	_	COORD	basic	4-23	_	_	
4-26	701-708	engedni	*	*	*	*	*	*	*	*	*	*	*	*	*	*	*	*	VerbForm=Inf\|Voice=Act	Inf	Act	\[/V\]\[Inf\]	VERB	enged	_	_	_	INF	basic	4-25	_	_	
4-27	709-718	Vlagyimir	*	*	Nom	*	*	*	*	*	*	Sing	*	*	*	*	*	*	Case=Nom\|Number=Sing	*	*	\[/N\]\[Nom\]	PROPN	Vlagyimir	_	_	_	NE	basic	4-28	_	_	
4-28	719-725	Putyin	*	*	Nom	*	*	*	*	*	*	Sing	*	*	*	*	*	*	Case=Nom\|Number=Sing	*	*	\[/N\]\[Nom\]	PROPN	Putyin	_	_	_	ATT	basic	4-30	_	_	
4-29	726-731	orosz	*	*	Nom	*	Pos	*	*	*	*	Sing	*	*	*	*	*	*	Case=Nom\|Degree=Pos\|Number=Sing	*	*	\[/Adj\]\[Nom\]	ADJ	orosz	_	_	_	ATT	basic	4-30	_	_	
4-30	732-737	elnök	*	*	Nom	*	*	*	*	*	*	Sing	*	*	*	*	*	*	Case=Nom\|Number=Sing	*	*	\[/N\]\[Nom\]	NOUN	elnök	_	_	_	ATT	basic	4-32	_	_	
4-31	738-749	energetikai	*	*	Nom	*	Pos	*	*	*	*	Sing	*	*	*	*	*	*	Case=Nom\|Degree=Pos\|Number=Sing	*	*	\[/Adj\]\[Nom\]	ADJ	energetikai	_	_	_	ATT	basic	4-32	_	_	
4-32	750-762	zsarolásának	*	*	Dat	*	*	*	*	*	*	Sing	*	*	*	*	*	*	Case=Dat\|Number=Sing\|Number\[psor\]=Sing\|Person\[psor\]=3	*	*	\[/N\]\[Poss.3Sg\]\[Dat\]	NOUN	zsarolás	_	_	_	OBL	basic	4-26	_	_	
4-33	763-766	sem	*	*	*	*	*	*	*	*	*	*	*	*	Neg	*	*	*	PronType=Neg	*	*	\[/Adv\]	ADV	sem	_	_	_	NEG	basic	4-32	_	_	
4-34	767-768	.	_	_	_	_	_	_	_	_	_	_	_	_	_	_	_	_	_	_	_	\[Punct\]	PUNCT	.	_	_	_	PUNCT	basic	4-34	_	_	

#Text=A koalíció a piacoknak megnyugtató Mario Draghi , az Európai Központi Bank volt elnökének technokrata egységkormányát váltja , amelyik a nyáron bukott meg sűrű politikai intrika közepette .
5-1	769-770	A	*	*	*	*	*	*	*	*	*	*	*	*	Art	*	*	*	Definite=Def\|PronType=Art	*	*	\[/Det\|Art.Def\]	DET	a	_	_	_	DET	basic	5-2	_	_	
5-2	771-779	koalíció	*	*	Nom	*	*	*	*	*	*	Sing	*	*	*	*	*	*	Case=Nom\|Number=Sing	*	*	\[/N\]\[Nom\]	NOUN	koalíció	_	*	PRA	SUBJ	basic	5-17	tr	5-17	
5-3	780-781	a	*	*	*	*	*	*	*	*	*	*	*	*	Art	*	*	*	Definite=Def\|PronType=Art	*	*	\[/Det\|Art.Def\]	DET	a	_	_	_	DET	basic	5-4	_	_	
5-4	782-791	piacoknak	*	*	Dat	*	*	*	*	*	*	Plur	*	*	*	*	*	*	Case=Dat\|Number=Plur	*	*	\[/N\]\[Pl\]\[Dat\]	NOUN	piac	_	_	_	DAT	basic	5-5	_	_	
5-5	792-803	megnyugtató	*	*	Nom	*	Pos	*	*	*	*	Sing	*	*	*	*	*	*	Case=Nom\|Degree=Pos\|Number=Sing	*	*	\[/Adj\]\[Nom\]	ADJ	megnyugtató	_	_	_	ATT	basic	5-7	_	_	
5-6	804-809	Mario	*	*	Nom	*	*	*	*	*	*	Sing	*	*	*	*	*	*	Case=Nom\|Number=Sing	*	*	\[/N\]\[Nom\]	PROPN	Mario	_	_	_	NE	basic	5-7	_	_	
5-7	810-816	Draghi	*	*	Nom	*	*	*	*	*	*	Sing	*	*	*	*	*	*	Case=Nom\|Number=Sing	*	*	\[/N\]	PROPN	Draghi	_	_	_	ATT	basic	5-16	_	_	
5-8	817-818	,	_	_	_	_	_	_	_	_	_	_	_	_	_	_	_	_	_	_	_	\[Punct\]	PUNCT	,	_	_	_	PUNCT	basic	5-7	_	_	
5-9	819-821	az	*	*	*	*	*	*	*	*	*	*	*	*	Art	*	*	*	Definite=Def\|PronType=Art	*	*	\[/Det\|Art.Def\]	DET	az	_	_	_	DET	basic	5-12	_	_	
5-10	822-829	Európai	*	*	Nom	*	Pos	*	*	*	*	Sing	*	*	*	*	*	*	Case=Nom\|Degree=Pos\|Number=Sing	*	*	\[/Adj\]\[Nom\]	ADJ	európai	_	_	_	ATT	basic	5-12	_	_	
5-11	830-838	Központi	*	*	Nom	*	Pos	*	*	*	*	Sing	*	*	*	*	*	*	Case=Nom\|Degree=Pos\|Number=Sing	*	*	\[/Adj\]\[Nom\]	ADJ	központi	_	_	_	ATT	basic	5-12	_	_	
5-12	839-843	Bank	*	*	Nom	*	*	*	*	*	*	Sing	*	*	*	*	*	*	Case=Nom\|Number=Sing	*	*	\[/N\]\[Nom\]	NOUN	bank	_	_	_	PRED	basic	5-13	_	_	
5-13	844-848	volt	*	*	*	*	*	*	Ind	*	*	Sing	3	*	*	*	Past	*	Definite=Ind\|Mood=Ind\|Number=Sing\|Person=3\|Tense=Past\|VerbForm=Fin\|Voice=Act	Fin	Act	\[/V\]\[Pst.NDef.3Sg\]	VERB	van	_	_	_	ATT	basic	5-14	_	_	
5-14	849-858	elnökének	*	*	Dat	*	*	*	*	*	*	Sing	*	*	*	*	*	*	Case=Dat\|Number=Sing\|Number\[psor\]=Sing\|Person\[psor\]=3	*	*	\[/N\]\[Poss.3Sg\]\[Dat\]	NOUN	elnök	_	_	_	COORD	basic	5-7	_	_	
5-15	859-870	technokrata	*	*	Nom	*	Pos	*	*	*	*	Sing	*	*	*	*	*	*	Case=Nom\|Degree=Pos\|Number=Sing	*	*	\[/Adj\]\[Nom\]	ADJ	technokrata	_	_	_	ATT	basic	5-16	_	_	
5-16	871-886	egységkormányát	*	*	Acc	*	*	*	*	*	*	Sing	*	*	*	*	*	*	Case=Acc\|Number=Sing\|Number\[psor\]=Sing\|Person\[psor\]=3	*	*	\[/N\]\[Poss.3Sg\]\[Acc\]	NOUN	egységkormány	_	*	PRA	OBJ	basic	5-17	lm	5-17	
5-17	887-893	váltja	*	*	*	*	*	*	Ind	*	*	Sing	3	*	*	*	Pres	*	Definite=Def\|Mood=Ind\|Number=Sing\|Person=3\|Tense=Pres\|VerbForm=Fin\|Voice=Act	Fin	Act	\[/V\]\[Prs.Def.3Sg\]	VERB	vált	Pmet	*	PRW	ROOT	basic	5-17	_	_	
5-18	894-895	,	_	_	_	_	_	_	_	_	_	_	_	_	_	_	_	_	_	_	_	\[Punct\]	PUNCT	,	_	_	_	PUNCT	basic	5-17	_	_	
5-19	896-903	amelyik	*	*	Nom	*	*	*	*	*	*	Sing	3	*	Rel	*	*	*	Case=Nom\|Number=Sing\|Person=3\|PronType=Rel	*	*	\[/N\|Pro\|Rel\]\[Nom\]	PRON	amelyik	_	_	_	SUBJ	basic	5-22	_	_	
5-20	904-905	a	*	*	*	*	*	*	*	*	*	*	*	*	Art	*	*	*	Definite=Def\|PronType=Art	*	*	\[/Det\|Art.Def\]	DET	a	_	_	_	DET	basic	5-21	_	_	
5-21	906-912	nyáron	*	*	Sup	*	*	*	*	*	*	Sing	*	*	*	*	*	*	Case=Sup\|Number=Sing	*	*	\[/N\]\[Supe\]	NOUN	nyár	_	_	_	OBL	basic	5-22	_	_	
5-22	913-919	bukott	*	*	*	*	*	*	Ind	*	*	Sing	3	*	*	*	Past	*	Definite=Ind\|Mood=Ind\|Number=Sing\|Person=3\|Tense=Past\|VerbForm=Fin\|Voice=Act	Fin	Act	\[/V\]\[Pst.NDef.3Sg\]	VERB	bukik	_	_	_	ATT	basic	5-17	_	_	
5-23	920-923	meg	_	_	_	_	_	_	_	_	_	_	_	_	_	_	_	_	_	_	_	\[/Prev\]	PART	meg	_	_	_	PREVERB	basic	5-22	_	_	
5-24	924-928	sűrű	*	*	Nom	*	Pos	*	*	*	*	Sing	*	*	*	*	*	*	Case=Nom\|Degree=Pos\|Number=Sing	*	*	\[/Adj\]\[Nom\]	ADJ	sűrű	_	_	_	ATT	basic	5-26	_	_	
5-25	929-938	politikai	*	*	Nom	*	Pos	*	*	*	*	Sing	*	*	*	*	*	*	Case=Nom\|Degree=Pos\|Number=Sing	*	*	\[/Adj\]\[Nom\]	ADJ	politikai	_	_	_	ATT	basic	5-26	_	_	
5-26	939-946	intrika	*	*	Nom	*	*	*	*	*	*	Sing	*	*	*	*	*	*	Case=Nom\|Number=Sing	*	*	\[/N\]\[Nom\]	NOUN	intrika	_	_	_	ATT	basic	5-27	_	_	
5-27	947-956	közepette	_	_	_	_	_	_	_	_	_	_	_	_	_	_	_	_	_	_	_	\[/Post\|(Poss)\]	ADP	közepette	_	_	_	MODE	basic	5-22	_	_	
5-28	957-958	.	_	_	_	_	_	_	_	_	_	_	_	_	_	_	_	_	_	_	_	\[Punct\]	PUNCT	.	_	_	_	PUNCT	basic	5-28	_	_	

#Text=Arról már a választási győzelmük után is írtunk , hogy jobboldali kultúrharcos , de a gazdasági realitások korlátai között működő új kormány jöhet , és Meloni kedden is próbálta eloszlatni a kabinettel szembeni nyugati aggodalmakat .
6-1	959-964	Arról	*	*	Del	*	*	*	*	*	*	Sing	3	*	Dem	*	*	*	Case=Del\|Number=Sing\|Person=3\|PronType=Dem	*	*	\[/Det\|Pro\]\[Del\]	PRON	az	_	_	_	OBL	basic	6-8	_	_	
6-2	965-968	már	_	_	_	_	_	_	_	_	_	_	_	_	_	_	_	_	_	_	_	\[/Adv\]	ADV	már	_	_	_	TLOCY	basic	6-8	_	_	
6-3	969-970	a	*	*	*	*	*	*	*	*	*	*	*	*	Art	*	*	*	Definite=Def\|PronType=Art	*	*	\[/Det\|Art.Def\]	DET	a	_	_	_	DET	basic	6-5	_	_	
6-4	971-981	választási	*	*	Nom	*	Pos	*	*	*	*	Sing	*	*	*	*	*	*	Case=Nom\|Degree=Pos\|Number=Sing	*	*	\[/Adj\]\[Nom\]	ADJ	választási	_	_	_	ATT	basic	6-5	_	_	
6-5	982-991	győzelmük	*	*	Nom	*	*	*	*	*	*	Sing	*	*	*	*	*	*	Case=Nom\|Number=Sing\|Number\[psor\]=Plur\|Person\[psor\]=3	*	*	\[/N\]\[Poss.3Pl\]\[Nom\]	NOUN	győzelem	_	_	_	ATT	basic	6-6	_	_	
6-6	992-996	után	_	_	_	_	_	_	_	_	_	_	_	_	_	_	_	_	_	_	_	\[/Post\]	ADP	után	_	_	_	TLOCY	basic	6-8	_	_	
6-7	997-999	is	_	_	_	_	_	_	_	_	_	_	_	_	_	_	_	_	_	_	_	\[/Adv\]	ADV	is	_	_	_	MODE	basic	6-6	_	_	
6-8	1000-1006	írtunk	*	*	*	*	*	*	Ind	*	*	Plur	1	*	*	*	Past	*	Definite=Ind\|Mood=Ind\|Number=Plur\|Person=1\|Tense=Past\|VerbForm=Fin\|Voice=Act	Fin	Act	\[/V\]\[Pst.NDef.1Pl\]	VERB	ír	_	_	_	ROOT	basic	6-8	_	_	
6-9	1007-1008	,	_	_	_	_	_	_	_	_	_	_	_	_	_	_	_	_	_	_	_	\[Punct\]	PUNCT	,	_	_	_	PUNCT	basic	6-8	_	_	
6-10	1009-1013	hogy	_	_	_	_	_	_	_	_	_	_	_	_	_	_	_	_	_	_	_	\[/Cnj\]	SCONJ	hogy	_	_	_	CONJ	basic	6-8	_	_	
6-11	1014-1024	jobboldali	*	*	Nom	*	Pos	*	*	*	*	Sing	*	*	*	*	*	*	Case=Nom\|Degree=Pos\|Number=Sing	*	*	\[/Adj\]\[Nom\]	ADJ	jobboldali	_	_	_	ATT	basic	6-12	_	_	
6-12	1025-1037	kultúrharcos	*	*	Nom	*	*	*	*	*	*	Sing	*	*	*	*	*	*	Case=Nom\|Number=Sing	*	*	\[/N\]\[Nom\]	NOUN	kultúrharcos	_	_	_	ATT	basic	6-19	_	_	
6-13	1038-1039	,	_	_	_	_	_	_	_	_	_	_	_	_	_	_	_	_	_	_	_	\[Punct\]	PUNCT	,	_	_	_	PUNCT	basic	6-12	_	_	
6-14	1040-1042	de	_	_	_	_	_	_	_	_	_	_	_	_	_	_	_	_	_	_	_	\[/Cnj\]	CONJ	de	_	_	_	CONJ	basic	6-12	_	_	
6-15	1043-1044	a	*	*	*	*	*	*	*	*	*	*	*	*	Art	*	*	*	Definite=Def\|PronType=Art	*	*	\[/Det\|Art.Def\]	DET	a	_	_	_	DET	basic	6-17	_	_	
6-16	1045-1054	gazdasági	*	*	Nom	*	Pos	*	*	*	*	Sing	*	*	*	*	*	*	Case=Nom\|Degree=Pos\|Number=Sing	*	*	\[/Adj\]\[Nom\]	ADJ	gazdasági	_	_	_	ATT	basic	6-17	_	_	
6-17	1055-1065	realitások	*	*	Nom	*	*	*	*	*	*	Plur	*	*	*	*	*	*	Case=Nom\|Number=Plur	*	*	\[/N\]\[Pl\]\[Nom\]	NOUN	realitás	_	_	_	ATT	basic	6-18	_	_	
6-18	1066-1074	korlátai	*	*	Nom	*	*	*	*	*	*	Plur	*	*	*	*	*	*	Case=Nom\|Number=Plur\|Number\[psor\]=Sing\|Person\[psor\]=3	*	*	\[/N\]\[Pl.Poss.3Sg\]\[Nom\]	NOUN	korlát	_	_	_	COORD	basic	6-14	_	_	
6-19	1075-1081	között	_	_	_	_	_	_	_	_	_	_	_	_	_	_	_	_	_	_	_	\[/Post\]	ADP	között	_	_	_	MODE	basic	6-20	_	_	
6-20	1082-1088	működő	*	*	Nom	*	Pos	*	*	*	*	Sing	*	*	*	*	*	*	Case=Nom\|Degree=Pos\|Number=Sing	*	*	\[/Adj\]\[Nom\]	ADJ	működő	_	_	_	ATT	basic	6-22	_	_	
6-21	1089-1091	új	*	*	Nom	*	Pos	*	*	*	*	Sing	*	*	*	*	*	*	Case=Nom\|Degree=Pos\|Number=Sing	*	*	\[/Adj\]\[Nom\]	ADJ	új	_	_	_	ATT	basic	6-22	_	_	
6-22	1092-1099	kormány	*	*	Nom	*	*	*	*	*	*	Sing	*	*	*	*	*	*	Case=Nom\|Number=Sing	*	*	\[/N\]\[Nom\]	NOUN	kormány	_	_	_	SUBJ	basic	6-23	_	_	
6-23	1100-1105	jöhet	*	*	*	*	*	*	Pot	*	*	Sing	3	*	*	*	Pres	*	Definite=Ind\|Mood=Pot\|Number=Sing\|Person=3\|Tense=Pres\|VerbForm=Fin\|Voice=Act	Fin	Act	\[/V\]\[\_Mod/V\]\[Prs.NDef.3Sg\]	VERB	jön	_	_	_	ATT	basic	6-10	_	_	
6-24	1106-1107	,	_	_	_	_	_	_	_	_	_	_	_	_	_	_	_	_	_	_	_	\[Punct\]	PUNCT	,	_	_	_	PUNCT	basic	6-23	_	_	
6-25	1108-1110	és	_	_	_	_	_	_	_	_	_	_	_	_	_	_	_	_	_	_	_	\[/Cnj\]	CONJ	és	_	_	_	CONJ	basic	6-23	_	_	
6-26	1111-1117	Meloni	*	*	Nom	*	*	*	*	*	*	Sing	*	*	*	*	*	*	Case=Nom\|Number=Sing	*	*	\[/N\]\[Nom\]	PROPN	Meloni	_	_	_	SUBJ	basic	6-29	_	_	
6-27	1118-1124	kedden	*	*	Sup	*	*	*	*	*	*	Sing	*	*	*	*	*	*	Case=Sup\|Number=Sing	*	*	\[/N\]\[Supe\]	NOUN	kedd	_	_	_	OBL	basic	6-30	_	_	
6-28	1125-1127	is	_	_	_	_	_	_	_	_	_	_	_	_	_	_	_	_	_	_	_	\[/Adv\]	ADV	is	_	_	_	MODE	basic	6-27	_	_	
6-29	1128-1136	próbálta	*	*	*	*	*	*	Ind	*	*	Sing	3	*	*	*	Past	*	Definite=Def\|Mood=Ind\|Number=Sing\|Person=3\|Tense=Past\|VerbForm=Fin\|Voice=Act	Fin	Act	\[/V\]\[Pst.Def.3Sg\]	VERB	próbál	_	_	_	COORD	basic	6-25	_	_	
6-30	1137-1147	eloszlatni	*	*	*	*	*	*	*	*	*	*	*	*	*	*	*	*	VerbForm=Inf\|Voice=Cau	Inf	Cau	\[/V\]\[\_Caus/V\]\[Inf\]	VERB	eloszlik	_	_	_	INF	basic	6-29	_	_	
6-31	1148-1149	a	*	*	*	*	*	*	*	*	*	*	*	*	Art	*	*	*	Definite=Def\|PronType=Art	*	*	\[/Det\|Art.Def\]	DET	a	_	_	_	DET	basic	6-32	_	_	
6-32	1150-1160	kabinettel	*	*	Ins	*	*	*	*	*	*	Sing	*	*	*	*	*	*	Case=Ins\|Number=Sing	*	*	\[/N\]\[Ins\]	NOUN	kabinet	_	_	_	OBL	basic	6-33	_	_	
6-33	1161-1169	szembeni	*	*	Nom	*	Pos	*	*	*	*	Sing	*	*	*	*	*	*	Case=Nom\|Degree=Pos\|Number=Sing	*	*	\[/Adj\]\[Nom\]	ADJ	szembeni	_	_	_	ATT	basic	6-35	_	_	
6-34	1170-1177	nyugati	*	*	Nom	*	Pos	*	*	*	*	Sing	*	*	*	*	*	*	Case=Nom\|Degree=Pos\|Number=Sing	*	*	\[/Adj\]\[Nom\]	ADJ	nyugati	_	_	_	ATT	basic	6-35	_	_	
6-35	1178-1190	aggodalmakat	*	*	Acc	*	*	*	*	*	*	Plur	*	*	*	*	*	*	Case=Acc\|Number=Plur	*	*	\[/N\]\[Pl\]\[Acc\]	NOUN	aggodalom	_	_	_	OBJ	basic	6-30	_	_	
6-36	1191-1192	.	_	_	_	_	_	_	_	_	_	_	_	_	_	_	_	_	_	_	_	\[Punct\]	PUNCT	.	_	_	_	PUNCT	basic	6-36	_	_	

#Text=De azt is jelezte , hogy az európai intézményeken belül hallatni akarják a hangjukat .
7-1	1193-1195	De	_	_	_	_	_	_	_	_	_	_	_	_	_	_	_	_	_	_	_	\[/Cnj\]	CONJ	de	_	_	_	CONJ	basic	7-4	_	_	
7-2	1196-1199	azt	*	*	Acc	*	*	*	*	*	*	Sing	3	*	Dem	*	*	*	Case=Acc\|Number=Sing\|Person=3\|PronType=Dem	*	*	\[/Det\|Pro\]\[Acc\]	PRON	az	_	_	_	OBJ	basic	7-4	_	_	
7-3	1200-1202	is	_	_	_	_	_	_	_	_	_	_	_	_	_	_	_	_	_	_	_	\[/Adv\]	ADV	is	_	_	_	MODE	basic	7-4	_	_	
7-4	1203-1210	jelezte	*	*	*	*	*	*	Ind	*	*	Sing	3	*	*	*	Past	*	Definite=Def\|Mood=Ind\|Number=Sing\|Person=3\|Tense=Past\|VerbForm=Fin\|Voice=Act	Fin	Act	\[/V\]\[Pst.Def.3Sg\]	VERB	jelez	_	_	_	ROOT	basic	7-4	_	_	
7-5	1211-1212	,	_	_	_	_	_	_	_	_	_	_	_	_	_	_	_	_	_	_	_	\[Punct\]	PUNCT	,	_	_	_	PUNCT	basic	7-4	_	_	
7-6	1213-1217	hogy	_	_	_	_	_	_	_	_	_	_	_	_	_	_	_	_	_	_	_	\[/Cnj\]	SCONJ	hogy	_	_	_	CONJ	basic	7-4	_	_	
7-7	1218-1220	az	*	*	*	*	*	*	*	*	*	*	*	*	Art	*	*	*	Definite=Def\|PronType=Art	*	*	\[/Det\|Art.Def\]	DET	az	_	_	_	DET	basic	7-9	_	_	
7-8	1221-1228	európai	*	*	Nom	*	Pos	*	*	*	*	Sing	*	*	*	*	*	*	Case=Nom\|Degree=Pos\|Number=Sing	*	*	\[/Adj\]\[Nom\]	ADJ	európai	_	_	_	ATT	basic	7-9	_	_	
7-9	1229-1242	intézményeken	*	*	Sup	*	*	*	*	*	*	Plur	*	*	*	*	*	*	Case=Sup\|Number=Plur	*	*	\[/N\]\[Pl\]\[Supe\]	NOUN	intézmény	_	_	_	OBL	basic	7-10	_	_	
7-10	1243-1248	belül	_	_	_	_	_	_	_	_	_	_	_	_	_	_	_	_	_	_	_	\[/Post\|(Supe)\]	ADP	belül	_	_	_	LOCY	basic	7-11	_	_	
7-11	1249-1257	hallatni	*	*	*	*	*	*	*	*	*	*	*	*	*	*	*	*	VerbForm=Inf\|Voice=Act	Inf	Act	\[/V\]\[Inf\]	VERB	hallat	_	_	_	INF	basic	7-12	_	_	
7-12	1258-1265	akarják	*	*	*	*	*	*	Ind	*	*	Plur	3	*	*	*	Pres	*	Definite=Def\|Mood=Ind\|Number=Plur\|Person=3\|Tense=Pres\|VerbForm=Fin\|Voice=Act	Fin	Act	\[/V\]\[Prs.Def.3Pl\]	VERB	akar	_	_	_	ATT	basic	7-6	_	_	
7-13	1266-1267	a	*	*	*	*	*	*	*	*	*	*	*	*	Art	*	*	*	Definite=Def\|PronType=Art	*	*	\[/Det\|Art.Def\]	DET	a	_	_	_	DET	basic	7-14	_	_	
7-14	1268-1277	hangjukat	*	*	Acc	*	*	*	*	*	*	Sing	*	*	*	*	*	*	Case=Acc\|Number=Sing\|Number\[psor\]=Plur\|Person\[psor\]=3	*	*	\[/N\]\[Poss.3Pl\]\[Acc\]	NOUN	hang	_	_	_	OBJ	basic	7-11	_	_	
7-15	1278-1279	.	_	_	_	_	_	_	_	_	_	_	_	_	_	_	_	_	_	_	_	\[Punct\]	PUNCT	.	_	_	_	PUNCT	basic	7-15	_	_	

#Text=Silvio ♡ Vlagyimir A szeptember 25-i választás nyomán az Olasz Testvérek koalíciós partnerei Silvio Berlusconi Forza Italiája ( Hajrá , Olaszország ) és a Matteo Salvini vezette Liga , amelyek 5-5 miniszteri helyet kaptak a 24 fős kormányban .
8-1	1280-1286	Silvio	*	*	Nom	*	*	*	*	*	*	Sing	*	*	*	*	*	*	Case=Nom\|Number=Sing	*	*	\[/N\]\[Nom\]	PROPN	Silvio	_	_	_	ATT	basic	8-2	_	_	
8-2	1287-1288	♡	*	*	Acc	*	*	*	*	*	*	Sing	*	*	*	*	*	*	Case=Acc\|Number=Sing\|Number\[psor\]=Sing\|Person\[psor\]=3	*	*	\[/N\]\[Poss.3Sg\]\[Acc\]	NOUN	♡	_	_	_	OBJ	basic	8-27	_	_	
8-3	1289-1298	Vlagyimir	*	*	Nom	*	*	*	*	*	*	Sing	*	*	*	*	*	*	Case=Nom\|Number=Sing	*	*	\[/N\]\[Nom\]	PROPN	Vlagyimir	_	_	_	SUBJ	basic	8-27	_	_	
8-4	1299-1300	A	*	*	*	*	*	*	*	*	*	*	*	*	Art	*	*	*	Definite=Def\|PronType=Art	*	*	\[/Det\|Art.Def\]	DET	a	_	_	_	DET	basic	8-7	_	_	
8-5	1301-1311	szeptember	*	*	Nom	*	*	*	*	*	*	Sing	*	*	*	*	*	*	Case=Nom\|Number=Sing	*	*	\[/N\]\[Nom\]	NOUN	szeptember	_	_	_	ATT	basic	8-6	_	_	
8-6	1312-1316	25-i	*	*	Nom	*	Pos	*	*	*	*	Sing	*	*	*	*	*	*	Case=Nom\|Degree=Pos\|Number=Sing	*	*	\[/Adj\]\[Nom\]	ADJ	25-i	_	_	_	ATT	basic	8-7	_	_	
8-7	1317-1326	választás	*	*	Nom	*	*	*	*	*	*	Sing	*	*	*	*	*	*	Case=Nom\|Number=Sing	*	*	\[/N\]\[Nom\]	NOUN	választás	_	_	_	ATT	basic	8-8	_	_	
8-8	1327-1333	nyomán	_	_	_	_	_	_	_	_	_	_	_	_	_	_	_	_	_	_	_	\[/Post\|(Poss)\]	ADP	nyomán	_	_	_	MODE	basic	8-27	_	_	
8-9	1334-1336	az	*	*	*	*	*	*	*	*	*	*	*	*	Art	*	*	*	Definite=Def\|PronType=Art	*	*	\[/Det\|Art.Def\]	DET	az	_	_	_	DET	basic	8-11	_	_	
8-10	1337-1342	Olasz	*	*	Nom	*	*	*	*	*	*	Sing	*	*	*	*	*	*	Case=Nom\|Number=Sing	*	*	\[/N\]\[Nom\]	PROPN	Olasz	_	*[8]	PRA[8]	ATT	basic	8-11	lm	8-13[0_8]	
8-11	1343-1352	Testvérek	*	*	Nom	*	*	*	*	*	*	Plur	*	*	*	*	*	*	Case=Nom\|Number=Plur	*	*	\[/N\]\[Pl\]\[Nom\]	NOUN	testvér	_	*[8]	PRA[8]	ATT	basic	8-13	_	_	
8-12	1353-1362	koalíciós	*	*	Nom	*	Pos	*	*	*	*	Sing	*	*	*	*	*	*	Case=Nom\|Degree=Pos\|Number=Sing	*	*	\[/Adj\]\[Nom\]	ADJ	koalíciós	_	_	_	ATT	basic	8-13	_	_	
8-13	1363-1372	partnerei	*	*	Nom	*	*	*	*	*	*	Plur	*	*	*	*	*	*	Case=Nom\|Number=Plur\|Number\[psor\]=Sing\|Person\[psor\]=3	*	*	\[/N\]\[Pl.Poss.3Sg\]\[Nom\]	NOUN	partner	Pmet	*	PRW	SUBJ	basic	8-27	_	_	
8-14	1373-1379	Silvio	*	*	Nom	*	*	*	*	*	*	Sing	*	*	*	*	*	*	Case=Nom\|Number=Sing	*	*	\[/N\]\[Nom\]	PROPN	Silvio	_	_	_	NE	basic	8-15	_	_	
8-15	1380-1390	Berlusconi	*	*	Nom	*	*	*	*	*	*	Sing	*	*	*	*	*	*	Case=Nom\|Number=Sing	*	*	\[/N\]\[Nom\]	PROPN	Berlusconi	_	_	_	NE	basic	8-16	_	_	
8-16	1391-1396	Forza	*	*	Nom	*	*	*	*	*	*	Sing	*	*	*	*	*	*	Case=Nom\|Number=Sing	*	*	\[/N\]\[Nom\]	PROPN	Forza	_	*[9]|*[10]	PRA[9]|PRA[10]	NE	basic	8-17	tr|tr	8-13[0_9]|8-34[0_10]	
8-17	1397-1405	Italiája	*	*	Nom	*	*	*	*	*	*	Sing	*	*	*	*	*	*	Case=Nom\|Number=Sing	*	*	\[/N\]\[Nom\]	PROPN	Italiája	_	*[9]|*[10]	PRA[9]|PRA[10]	SUBJ	basic	8-27	_	_	
8-18	1406-1407	(	_	_	_	_	_	_	_	_	_	_	_	_	_	_	_	_	_	_	_	\[Punct\]	PUNCT	(	_	_	_	PUNCT	basic	8-19	_	_	
8-19	1408-1413	Hajrá	*	*	Nom	*	*	*	*	*	*	Sing	*	*	*	*	*	*	Case=Nom\|Number=Sing	*	*	\[/N\]\[Nom\]	NOUN	hajrá	_	_	_	APPEND	basic	8-17	_	_	
8-20	1414-1415	,	_	_	_	_	_	_	_	_	_	_	_	_	_	_	_	_	_	_	_	\[Punct\]	PUNCT	,	_	_	_	PUNCT	basic	8-19	_	_	
8-21	1416-1427	Olaszország	*	*	Nom	*	*	*	*	*	*	Sing	*	*	*	*	*	*	Case=Nom\|Number=Sing	*	*	\[/N\]\[Nom\]	PROPN	Olaszország	_	_	_	COORD	basic	8-19	_	_	
8-22	1428-1429	)	_	_	_	_	_	_	_	_	_	_	_	_	_	_	_	_	_	_	_	\[Punct\]	PUNCT	)	_	_	_	PUNCT	basic	8-19	_	_	
8-23	1430-1432	és	_	_	_	_	_	_	_	_	_	_	_	_	_	_	_	_	_	_	_	\[/Cnj\]	CONJ	és	_	_	_	CONJ	basic	8-17	_	_	
8-24	1433-1434	a	*	*	*	*	*	*	*	*	*	*	*	*	Art	*	*	*	Definite=Def\|PronType=Art	*	*	\[/Det\|Art.Def\]	DET	a	_	_	_	DET	basic	8-26	_	_	
8-25	1435-1441	Matteo	*	*	Nom	*	*	*	*	*	*	Sing	*	*	*	*	*	*	Case=Nom\|Number=Sing	*	*	\[/N\]\[Nom\]	PROPN	Matteo	_	_	_	NE	basic	8-26	_	_	
8-26	1442-1449	Salvini	*	*	Nom	*	*	*	*	*	*	Sing	*	*	*	*	*	*	Case=Nom\|Number=Sing	*	*	\[/N\]\[Nom\]	PROPN	Salvini	_	_	_	COORD	basic	8-23	_	_	
8-27	1450-1457	vezette	*	*	*	*	*	*	Ind	*	*	Sing	3	*	*	*	Past	*	Definite=Def\|Mood=Ind\|Number=Sing\|Person=3\|Tense=Past\|VerbForm=Fin\|Voice=Act	Fin	Act	\[/V\]\[Pst.Def.3Sg\]	VERB	vezet	_	_	_	ROOT	basic	8-27	_	_	
8-28	1458-1462	Liga	*	*	Nom	*	*	*	*	*	*	Sing	*	*	*	*	*	*	Case=Nom\|Number=Sing	*	*	\[/N\]\[Nom\]	NOUN	liga	_	*[11]|*[12]	PRA[11]|PRA[12]	SUBJ	basic	8-27	tr|tr	8-13[0_12]|8-34[0_11]	
8-29	1463-1464	,	_	_	_	_	_	_	_	_	_	_	_	_	_	_	_	_	_	_	_	\[Punct\]	PUNCT	,	_	_	_	PUNCT	basic	8-27	_	_	
8-30	1465-1472	amelyek	*	*	Nom	*	*	*	*	*	*	Plur	3	*	Rel	*	*	*	Case=Nom\|Number=Plur\|Person=3\|PronType=Rel	*	*	\[/N\|Pro\|Rel\]\[Pl\]\[Nom\]	PRON	amely	_	_	_	SUBJ	basic	8-34	_	_	
8-31	1473-1476	5-5	*	*	Nom	*	*	*	*	*	Dist	Sing	*	*	*	*	*	*	Case=Nom\|Number=Sing\|NumType=Dist	*	*	\[/Num\|Digit\]\[Nom\]	NUM	5-5	_	_	_	ATT	basic	8-33	_	_	
8-32	1477-1487	miniszteri	*	*	Nom	*	Pos	*	*	*	*	Sing	*	*	*	*	*	*	Case=Nom\|Degree=Pos\|Number=Sing	*	*	\[/Adj\]\[Nom\]	ADJ	miniszteri	_	_	_	ATT	basic	8-33	_	_	
8-33	1488-1494	helyet	*	*	Acc	*	*	*	*	*	*	Sing	*	*	*	*	*	*	Case=Acc\|Number=Sing	*	*	\[/N\]\[Acc\]	NOUN	hely	_	*	PRA	OBJ	basic	8-34	lm	8-34	
8-34	1495-1501	kaptak	*	*	*	*	*	*	Ind	*	*	Plur	3	*	*	*	Past	*	Definite=Ind\|Mood=Ind\|Number=Plur\|Person=3\|Tense=Past\|VerbForm=Fin\|Voice=Act	Fin	Act	\[/V\]\[Pst.NDef.3Pl\]	VERB	kap	Pmet	*	PRW	ATT	basic	8-27	_	_	
8-35	1502-1503	a	*	*	*	*	*	*	*	*	*	*	*	*	Art	*	*	*	Definite=Def\|PronType=Art	*	*	\[/Det\|Art.Def\]	DET	a	_	_	_	DET	basic	8-38	_	_	
8-36	1504-1506	24	*	*	Nom	*	*	*	*	*	Card	Sing	*	*	*	*	*	*	Case=Nom\|Number=Sing\|NumType=Card	*	*	\[/Num\|Digit\]\[Nom\]	NUM	24	_	_	_	ATT	basic	8-37	_	_	
8-37	1507-1510	fős	*	*	Nom	*	Pos	*	*	*	*	Sing	*	*	*	*	*	*	Case=Nom\|Degree=Pos\|Number=Sing	*	*	\[/Adj\]\[Nom\]	ADJ	fős	_	_	_	ATT	basic	8-38	_	_	
8-38	1511-1521	kormányban	*	*	Ine	*	*	*	*	*	*	Sing	*	*	*	*	*	*	Case=Ine\|Number=Sing	*	*	\[/N\]\[Ine\]	NOUN	kormány	_	_	_	OBL	basic	8-34	_	_	
8-39	1522-1523	.	_	_	_	_	_	_	_	_	_	_	_	_	_	_	_	_	_	_	_	\[Punct\]	PUNCT	.	_	_	_	PUNCT	basic	8-39	_	_	

#Text=A már említett előzetes feszültség a 86 éves Berlusconihoz köthető , aki egy kiszivárgott hangfelvételen arról beszélt , hogy Putyin egy „ nagyon kedves levelet ” és húsz üveg vodkát küldött neki születésnapjára .
9-1	1524-1525	A	*	*	*	*	*	*	*	*	*	*	*	*	Art	*	*	*	Definite=Def\|PronType=Art	*	*	\[/Det\|Art.Def\]	DET	a	_	_	_	DET	basic	9-5	_	_	
9-2	1526-1529	már	_	_	_	_	_	_	_	_	_	_	_	_	_	_	_	_	_	_	_	\[/Adv\]	ADV	már	_	_	_	TLOCY	basic	9-3	_	_	
9-3	1530-1538	említett	*	*	Nom	*	Pos	*	*	*	*	Sing	*	*	*	*	*	*	Case=Nom\|Degree=Pos\|Number=Sing	*	*	\[/Adj\]\[Nom\]	ADJ	említett	_	_	_	ATT	basic	9-5	_	_	
9-4	1539-1547	előzetes	*	*	Nom	*	Pos	*	*	*	*	Sing	*	*	*	*	*	*	Case=Nom\|Degree=Pos\|Number=Sing	*	*	\[/Adj\|Attr\]\[Nom\]	ADJ	előzetes	_	_	_	ATT	basic	9-5	_	_	
9-5	1548-1558	feszültség	*	*	Nom	*	*	*	*	*	*	Sing	*	*	*	*	*	*	Case=Nom\|Number=Sing	*	*	\[/N\]\[Nom\]	NOUN	feszültség	_	_	_	SUBJ	basic	9-17	_	_	
9-6	1559-1560	a	*	*	*	*	*	*	*	*	*	*	*	*	Art	*	*	*	Definite=Def\|PronType=Art	*	*	\[/Det\|Art.Def\]	DET	a	_	_	_	DET	basic	9-9	_	_	
9-7	1561-1563	86	*	*	Nom	*	*	*	*	*	Card	Sing	*	*	*	*	*	*	Case=Nom\|Number=Sing\|NumType=Card	*	*	\[/Num\|Digit\]\[Nom\]	NUM	86	_	_	_	ATT	basic	9-8	_	_	
9-8	1564-1568	éves	*	*	Nom	*	Pos	*	*	*	*	Sing	*	*	*	*	*	*	Case=Nom\|Degree=Pos\|Number=Sing	*	*	\[/Adj\]\[Nom\]	ADJ	éves	_	_	_	ATT	basic	9-9	_	_	
9-9	1569-1582	Berlusconihoz	*	*	All	*	*	*	*	*	*	Sing	*	*	*	*	*	*	Case=All\|Number=Sing	*	*	\[/N\]\[All\]	PROPN	Berlusconi	_	_	_	OBL	basic	9-10	_	_	
9-10	1583-1590	köthető	*	*	Nom	*	Pos	*	*	*	*	Sing	*	*	*	*	*	*	Case=Nom\|Degree=Pos\|Number=Sing	*	*	\[/Adj\]\[Nom\]	ADJ	köthető	_	_	_	MODE	basic	9-17	_	_	
9-11	1591-1592	,	_	_	_	_	_	_	_	_	_	_	_	_	_	_	_	_	_	_	_	\[Punct\]	PUNCT	,	_	_	_	PUNCT	basic	9-17	_	_	
9-12	1593-1596	aki	*	*	Nom	*	*	*	*	*	*	Sing	3	*	Rel	*	*	*	Case=Nom\|Number=Sing\|Person=3\|PronType=Rel	*	*	\[/N\|Pro\|Rel\]\[Nom\]	PRON	aki	_	_	_	SUBJ	basic	9-14	_	_	
9-13	1597-1600	egy	*	*	*	*	*	*	*	*	*	*	*	*	Art	*	*	*	Definite=Ind\|PronType=Art	*	*	\[/Det\|Art.NDef\]	DET	egy	_	_	_	DET	basic	9-15	_	_	
9-14	1601-1613	kiszivárgott	*	*	*	*	*	*	Ind	*	*	Sing	3	*	*	*	Past	*	Definite=Ind\|Mood=Ind\|Number=Sing\|Person=3\|Tense=Past\|VerbForm=Fin\|Voice=Act	Fin	Act	\[/V\]\[Pst.NDef.3Sg\]	VERB	kiszivárog	_	_	_	ATT	basic	9-17	_	_	
9-15	1614-1628	hangfelvételen	*	*	Sup	*	*	*	*	*	*	Sing	*	*	*	*	*	*	Case=Sup\|Number=Sing	*	*	\[/N\]\[Supe\]	NOUN	hangfelvétel	_	_	_	OBL	basic	9-14	_	_	
9-16	1629-1634	arról	*	*	Del	*	*	*	*	*	*	Sing	3	*	Dem	*	*	*	Case=Del\|Number=Sing\|Person=3\|PronType=Dem	*	*	\[/Det\|Pro\]\[Del\]	PRON	az	_	_	_	OBL	basic	9-17	_	_	
9-17	1635-1642	beszélt	*	*	*	*	*	*	Ind	*	*	Sing	3	*	*	*	Past	*	Definite=Ind\|Mood=Ind\|Number=Sing\|Person=3\|Tense=Past\|VerbForm=Fin\|Voice=Act	Fin	Act	\[/V\]\[Pst.NDef.3Sg\]	VERB	beszél	_	_	_	ROOT	basic	9-17	_	_	
9-18	1643-1644	,	_	_	_	_	_	_	_	_	_	_	_	_	_	_	_	_	_	_	_	\[Punct\]	PUNCT	,	_	_	_	PUNCT	basic	9-17	_	_	
9-19	1645-1649	hogy	_	_	_	_	_	_	_	_	_	_	_	_	_	_	_	_	_	_	_	\[/Cnj\]	SCONJ	hogy	_	_	_	CONJ	basic	9-17	_	_	
9-20	1650-1656	Putyin	*	*	Nom	*	*	*	*	*	*	Sing	*	*	*	*	*	*	Case=Nom\|Number=Sing	*	*	\[/N\]\[Nom\]	PROPN	Putyin	_	_	_	SUBJ	basic	9-31	_	_	
9-21	1657-1660	egy	*	*	*	*	*	*	*	*	*	*	*	*	Art	*	*	*	Definite=Ind\|PronType=Art	*	*	\[/Det\|Art.NDef\]	DET	egy	_	_	_	DET	basic	9-22	_	_	
9-22	1661-1662	„	*	*	Nom	*	*	*	*	*	*	Sing	*	*	*	*	*	*	Case=Nom\|Number=Sing	*	*	\[/N\]\[Nom\]	NOUN	„	_	_	_	SUBJ	basic	9-31	_	_	
9-23	1663-1669	nagyon	_	_	_	_	_	_	_	_	_	_	_	_	_	_	_	_	_	_	_	\[/Adv\]	ADV	nagyon	_	_	_	MODE	basic	9-24	_	_	
9-24	1670-1676	kedves	*	*	Nom	*	Pos	*	*	*	*	Sing	*	*	*	*	*	*	Case=Nom\|Degree=Pos\|Number=Sing	*	*	\[/Adj\]\[Nom\]	ADJ	kedves	Pmet	*	PRW	ATT	basic	9-25	_	_	
9-25	1677-1684	levelet	*	*	Acc	*	*	*	*	*	*	Sing	*	*	*	*	*	*	Case=Acc\|Number=Sing	*	*	\[/N\]\[Acc\]	NOUN	levél	_	*	PRA	OBJ	basic	9-31	tr	9-24	
9-26	1685-1686	”	_	_	_	_	_	_	_	_	_	_	_	_	_	_	_	_	_	_	_	\[Punct\]	PUNCT	”	_	_	_	PUNCT	basic	9-25	_	_	
9-27	1687-1689	és	_	_	_	_	_	_	_	_	_	_	_	_	_	_	_	_	_	_	_	\[/Cnj\]	CONJ	és	_	_	_	CONJ	basic	9-25	_	_	
9-28	1690-1694	húsz	*	*	Nom	*	*	*	*	*	Card	Sing	*	*	*	*	*	*	Case=Nom\|Number=Sing\|NumType=Card	*	*	\[/Num\]\[Nom\]	NUM	húsz	_	_	_	ATT	basic	9-29	_	_	
9-29	1695-1699	üveg	*	*	Nom	*	*	*	*	*	*	Sing	*	*	*	*	*	*	Case=Nom\|Number=Sing	*	*	\[/N\]\[Nom\]	NOUN	üveg	_	_	_	ATT	basic	9-30	_	_	
9-30	1700-1706	vodkát	*	*	Acc	*	*	*	*	*	*	Sing	*	*	*	*	*	*	Case=Acc\|Number=Sing	*	*	\[/N\]\[Acc\]	NOUN	vodka	_	_	_	COORD	basic	9-27	_	_	
9-31	1707-1714	küldött	*	*	*	*	*	*	Ind	*	*	Sing	3	*	*	*	Past	*	Definite=Ind\|Mood=Ind\|Number=Sing\|Person=3\|Tense=Past\|VerbForm=Fin\|Voice=Act	Fin	Act	\[/V\]\[Pst.NDef.3Sg\]	VERB	küld	_	_	_	ATT	basic	9-19	_	_	
9-32	1715-1719	neki	_	_	_	_	_	_	_	_	_	_	_	_	_	_	_	_	_	_	_	\[/Adv\]	ADV	neki	_	_	_	MODE	basic	9-31	_	_	
9-33	1720-1735	születésnapjára	*	*	Sub	*	*	*	*	*	*	Sing	*	*	*	*	*	*	Case=Sub\|Number=Sing\|Number\[psor\]=Sing\|Person\[psor\]=3	*	*	\[/N\]\[Poss.3Sg\]\[Subl\]	NOUN	születésnap	_	_	_	OBL	basic	9-31	_	_	
9-34	1736-1737	.	_	_	_	_	_	_	_	_	_	_	_	_	_	_	_	_	_	_	_	\[Punct\]	PUNCT	.	_	_	_	PUNCT	basic	9-34	_	_	

#Text=„ Az orosz miniszterek többször is azt mondták , hogy háborúban állunk velük , mert fegyvereket és finanszírozást biztosítunk Ukrajnának ” , folytatta Berlusconi , aki szerint ő személyesen nem mondhatja el a véleményét a háborúról , mert ha az „ kiszivárog a sajtóba , abból katasztrófa lesz. ” Berlusconi és Putyin régről származó baráti kapcsolata köztudott , ám a hangfelvétel – amelyről a Forza Italia aztán azt állította , hogy Berlusconi csak egy régi történetet mesélt képviselőtársainak – komoly fejtörést okozhatott Meloninak , aki már a kampány alatt is , de leginkább megválasztása óta nem győzi hangsúlyozni atlantista elköteleződését .
10-1	1738-1739	„	_	_	_	_	_	_	_	_	_	_	_	_	_	_	_	_	_	_	_	\[Punct\]	PUNCT	„	_	_	_	PUNCT	basic	10-8	_	_	
10-2	1740-1742	Az	*	*	*	*	*	*	*	*	*	*	*	*	Art	*	*	*	Definite=Def\|PronType=Art	*	*	\[/Det\|Art.Def\]	DET	az	_	_	_	DET	basic	10-4	_	_	
10-3	1743-1748	orosz	*	*	Nom	*	Pos	*	*	*	*	Sing	*	*	*	*	*	*	Case=Nom\|Degree=Pos\|Number=Sing	*	*	\[/Adj\]\[Nom\]	ADJ	orosz	_	_	_	ATT	basic	10-4	_	_	
10-4	1749-1760	miniszterek	*	*	Nom	*	*	*	*	*	*	Plur	*	*	*	*	*	*	Case=Nom\|Number=Plur	*	*	\[/N\]\[Pl\]\[Nom\]	NOUN	miniszter	_	_	_	SUBJ	basic	10-8	_	_	
10-5	1761-1769	többször	*	*	Nom	*	*	*	*	*	Card	Sing	*	*	*	*	*	*	Case=Nom\|Number=Sing\|NumType=Card	*	*	\[/Num\]\[\_Comp/Num\]\[\_Mlt-Iter/Adv\]	NUM	sok	_	_	_	ATT	basic	10-6	_	_	
10-6	1770-1772	is	_	_	_	_	_	_	_	_	_	_	_	_	_	_	_	_	_	_	_	\[/Adv\]	ADV	is	_	_	_	MODE	basic	10-4	_	_	
10-7	1773-1776	azt	*	*	Acc	*	*	*	*	*	*	Sing	3	*	Dem	*	*	*	Case=Acc\|Number=Sing\|Person=3\|PronType=Dem	*	*	\[/Det\|Pro\]\[Acc\]	PRON	az	_	_	_	OBJ	basic	10-8	_	_	
10-8	1777-1784	mondták	*	*	*	*	*	*	Ind	*	*	Plur	3	*	*	*	Past	*	Definite=Def\|Mood=Ind\|Number=Plur\|Person=3\|Tense=Past\|VerbForm=Fin\|Voice=Act	Fin	Act	\[/V\]\[Pst.Def.3Pl\]	VERB	mond	_	_	_	ATT	basic	10-23	_	_	
10-9	1785-1786	,	_	_	_	_	_	_	_	_	_	_	_	_	_	_	_	_	_	_	_	\[Punct\]	PUNCT	,	_	_	_	PUNCT	basic	10-8	_	_	
10-10	1787-1791	hogy	_	_	_	_	_	_	_	_	_	_	_	_	_	_	_	_	_	_	_	\[/Cnj\]	SCONJ	hogy	_	_	_	CONJ	basic	10-8	_	_	
10-11	1792-1801	háborúban	*	*	Ine	*	*	*	*	*	*	Sing	*	*	*	*	*	*	Case=Ine\|Number=Sing	*	*	\[/N\]\[Ine\]	NOUN	háború	_	_	_	OBL	basic	10-12	_	_	
10-12	1802-1808	állunk	*	*	*	*	*	*	Ind	*	*	Plur	1	*	*	*	Pres	*	Definite=Ind\|Mood=Ind\|Number=Plur\|Person=1\|Tense=Pres\|VerbForm=Fin\|Voice=Act	Fin	Act	\[/V\]\[Prs.NDef.1Pl\]	VERB	áll	_	_	_	ATT	basic	10-10	_	_	
10-13	1809-1814	velük	*	*	Ins	*	*	*	*	*	*	Plur	3	*	Prs	*	*	*	Case=Ins\|Number=Plur\|Person=3\|PronType=Prs	*	*	\[/N\|Pro\]\[Ins\]\[3Pl\]	PRON	ők	_	_	_	OBL	basic	10-12	_	_	
10-14	1815-1816	,	_	_	_	_	_	_	_	_	_	_	_	_	_	_	_	_	_	_	_	\[Punct\]	PUNCT	,	_	_	_	PUNCT	basic	10-12	_	_	
10-15	1817-1821	mert	_	_	_	_	_	_	_	_	_	_	_	_	_	_	_	_	_	_	_	\[/Cnj\]	SCONJ	mert	_	_	_	CONJ	basic	10-12	_	_	
10-16	1822-1833	fegyvereket	*	*	Acc	*	*	*	*	*	*	Plur	*	*	*	*	*	*	Case=Acc\|Number=Plur	*	*	\[/N\]\[Pl\]\[Acc\]	NOUN	fegyver	_	_	_	OBJ	basic	10-19	_	_	
10-17	1834-1836	és	_	_	_	_	_	_	_	_	_	_	_	_	_	_	_	_	_	_	_	\[/Cnj\]	CONJ	és	_	_	_	CONJ	basic	10-16	_	_	
10-18	1837-1851	finanszírozást	*	*	Acc	*	*	*	*	*	*	Sing	*	*	*	*	*	*	Case=Acc\|Number=Sing	*	*	\[/N\]\[Acc\]	NOUN	finanszírozás	_	_	_	COORD	basic	10-17	_	_	
10-19	1852-1863	biztosítunk	*	*	*	*	*	*	Ind	*	*	Plur	1	*	*	*	Pres	*	Definite=Ind\|Mood=Ind\|Number=Plur\|Person=1\|Tense=Pres\|VerbForm=Fin\|Voice=Act	Fin	Act	\[/V\]\[Prs.NDef.1Pl\]	VERB	biztosít	_	_	_	ATT	basic	10-15	_	_	
10-20	1864-1874	Ukrajnának	*	*	Dat	*	*	*	*	*	*	Sing	*	*	*	*	*	*	Case=Dat\|Number=Sing	*	*	\[/N\]\[Dat\]	PROPN	Ukrajna	_	_	_	DAT	basic	10-19	_	_	
10-21	1875-1876	”	_	_	_	_	_	_	_	_	_	_	_	_	_	_	_	_	_	_	_	\[Punct\]	PUNCT	”	_	_	_	PUNCT	basic	10-19	_	_	
10-22	1877-1878	,	_	_	_	_	_	_	_	_	_	_	_	_	_	_	_	_	_	_	_	\[Punct\]	PUNCT	,	_	_	_	PUNCT	basic	10-19	_	_	
10-23	1879-1888	folytatta	*	*	*	*	*	*	Ind	*	*	Sing	3	*	*	*	Past	*	Definite=Def\|Mood=Ind\|Number=Sing\|Person=3\|Tense=Past\|VerbForm=Fin\|Voice=Act	Fin	Act	\[/V\]\[Pst.Def.3Sg\]	VERB	folytat	_	_	_	ROOT	basic	10-23	_	_	
10-24	1889-1899	Berlusconi	*	*	Nom	*	*	*	*	*	*	Sing	*	*	*	*	*	*	Case=Nom\|Number=Sing	*	*	\[/N\]\[Nom\]	PROPN	Berlusconi	_	_	_	SUBJ	basic	10-23	_	_	
10-25	1900-1901	,	_	_	_	_	_	_	_	_	_	_	_	_	_	_	_	_	_	_	_	\[Punct\]	PUNCT	,	_	_	_	PUNCT	basic	10-23	_	_	
10-26	1902-1905	aki	*	*	Nom	*	*	*	*	*	*	Sing	3	*	Rel	*	*	*	Case=Nom\|Number=Sing\|Person=3\|PronType=Rel	*	*	\[/N\|Pro\|Rel\]\[Nom\]	PRON	aki	_	_	_	ATT	basic	10-27	_	_	
10-27	1906-1913	szerint	_	_	_	_	_	_	_	_	_	_	_	_	_	_	_	_	_	_	_	\[/Post\]	ADP	szerint	_	_	_	MODE	basic	10-31	_	_	
10-28	1914-1915	ő	*	*	Nom	*	*	*	*	*	*	Sing	3	*	Prs	*	*	*	Case=Nom\|Number=Sing\|Person=3\|PronType=Prs	*	*	\[/N\|Pro\]\[3Sg\]\[Nom\]	PRON	ő	_	_	_	SUBJ	basic	10-31	_	_	
10-29	1916-1927	személyesen	*	*	Ess	*	Pos	*	*	*	*	Sing	*	*	*	*	*	*	Case=Ess\|Degree=Pos\|Number=Sing	*	*	\[/Adj\]\[\_Manner/Adv\]	ADJ	személyes	_	_	_	MODE	basic	10-31	_	_	
10-30	1928-1931	nem	*	*	*	*	*	*	*	*	*	*	*	*	Neg	*	*	*	PronType=Neg	*	*	\[/Adv\]	ADV	nem	_	_	_	NEG	basic	10-31	_	_	
10-31	1932-1941	mondhatja	*	*	*	*	*	*	Pot	*	*	Sing	3	*	*	*	Pres	*	Definite=Def\|Mood=Pot\|Number=Sing\|Person=3\|Tense=Pres\|VerbForm=Fin\|Voice=Act	Fin	Act	\[/V\]\[\_Mod/V\]\[Prs.Def.3Sg\]	VERB	mond	_	_	_	ATT	basic	10-23	_	_	
10-32	1942-1944	el	_	_	_	_	_	_	_	_	_	_	_	_	_	_	_	_	_	_	_	\[/Prev\]	ADV	el	_	_	_	PREVERB	basic	10-31	_	_	
10-33	1945-1946	a	*	*	*	*	*	*	*	*	*	*	*	*	Art	*	*	*	Definite=Def\|PronType=Art	*	*	\[/Det\|Art.Def\]	DET	a	_	_	_	DET	basic	10-34	_	_	
10-34	1947-1957	véleményét	*	*	Acc	*	*	*	*	*	*	Sing	*	*	*	*	*	*	Case=Acc\|Number=Sing\|Number\[psor\]=Sing\|Person\[psor\]=3	*	*	\[/N\]\[Poss.3Sg\]\[Acc\]	NOUN	vélemény	_	_	_	OBJ	basic	10-31	_	_	
10-35	1958-1959	a	*	*	*	*	*	*	*	*	*	*	*	*	Art	*	*	*	Definite=Def\|PronType=Art	*	*	\[/Det\|Art.Def\]	DET	a	_	_	_	DET	basic	10-36	_	_	
10-36	1960-1969	háborúról	*	*	Del	*	*	*	*	*	*	Sing	*	*	*	*	*	*	Case=Del\|Number=Sing	*	*	\[/N\]\[Del\]	NOUN	háború	_	_	_	OBL	basic	10-31	_	_	
10-37	1970-1971	,	_	_	_	_	_	_	_	_	_	_	_	_	_	_	_	_	_	_	_	\[Punct\]	PUNCT	,	_	_	_	PUNCT	basic	10-31	_	_	
10-38	1972-1976	mert	_	_	_	_	_	_	_	_	_	_	_	_	_	_	_	_	_	_	_	\[/Cnj\]	SCONJ	mert	_	_	_	CONJ	basic	10-31	_	_	
10-39	1977-1979	ha	_	_	_	_	_	_	_	_	_	_	_	_	_	_	_	_	_	_	_	\[/Cnj\]	SCONJ	ha	_	_	_	CONJ	basic	10-48	_	_	
10-40	1980-1982	az	*	*	*	*	*	*	*	*	*	*	*	*	Art	*	*	*	Definite=Def\|PronType=Art	*	*	\[/Det\|Art.Def\]	DET	az	_	_	_	DET	basic	10-41	_	_	
10-41	1983-1984	„	*	*	Nom	*	*	*	*	*	*	Sing	*	*	*	*	*	*	Case=Nom\|Number=Sing	*	*	\[/N\]\[Nom\]	NOUN	„	_	_	_	SUBJ	basic	10-42	_	_	
10-42	1985-1995	kiszivárog	*	*	*	*	*	*	Ind	*	*	Sing	3	*	*	*	Pres	*	Definite=Ind\|Mood=Ind\|Number=Sing\|Person=3\|Tense=Pres\|VerbForm=Fin\|Voice=Act	Fin	Act	\[/V\]\[Prs.NDef.3Sg\]	VERB	kiszivárog	_	_	_	ATT	basic	10-39	_	_	
10-43	1996-1997	a	*	*	*	*	*	*	*	*	*	*	*	*	Art	*	*	*	Definite=Def\|PronType=Art	*	*	\[/Det\|Art.Def\]	DET	a	_	_	_	DET	basic	10-44	_	_	
10-44	1998-2005	sajtóba	*	*	Ill	*	*	*	*	*	*	Sing	*	*	*	*	*	*	Case=Ill\|Number=Sing	*	*	\[/N\]\[Ill\]	NOUN	sajtó	_	_	_	OBL	basic	10-42	_	_	
10-45	2006-2007	,	_	_	_	_	_	_	_	_	_	_	_	_	_	_	_	_	_	_	_	\[Punct\]	PUNCT	,	_	_	_	PUNCT	basic	10-42	_	_	
10-46	2008-2013	abból	*	*	Ela	*	*	*	*	*	*	Sing	3	*	Dem	*	*	*	Case=Ela\|Number=Sing\|Person=3\|PronType=Dem	*	*	\[/Det\|Pro\]\[Ela\]	PRON	az	_	_	_	OBL	basic	10-48	_	_	
10-47	2014-2025	katasztrófa	*	*	Nom	*	*	*	*	*	*	Sing	*	*	*	*	*	*	Case=Nom\|Number=Sing	*	*	\[/N\]\[Nom\]	NOUN	katasztrófa	_	_	_	PRED	basic	10-48	_	_	
10-48	2026-2031	lesz.	*	*	*	*	*	*	Ind	*	*	Sing	3	*	*	*	Pres	*	Definite=Ind\|Mood=Ind\|Number=Sing\|Person=3\|Tense=Pres\|VerbForm=Fin\|Voice=Act	Fin	Act	\[/V\]\[Prs.NDef.3Sg\]\[Punct\]	VERB	lesz	_	_	_	ATT	basic	10-38	_	_	
10-49	2032-2033	”	_	_	_	_	_	_	_	_	_	_	_	_	_	_	_	_	_	_	_	\[Punct\]	PUNCT	”	_	_	_	PUNCT	basic	10-48	_	_	
10-50	2034-2044	Berlusconi	*	*	Nom	*	*	*	*	*	*	Sing	*	*	*	*	*	*	Case=Nom\|Number=Sing	*	*	\[/N\]\[Nom\]	PROPN	Berlusconi	_	_	_	ATT	basic	10-56	_	_	
10-51	2045-2047	és	_	_	_	_	_	_	_	_	_	_	_	_	_	_	_	_	_	_	_	\[/Cnj\]	CONJ	és	_	_	_	CONJ	basic	10-50	_	_	
10-52	2048-2054	Putyin	*	*	Nom	*	*	*	*	*	*	Sing	*	*	*	*	*	*	Case=Nom\|Number=Sing	*	*	\[/N\]\[Nom\]	PROPN	Putyin	_	_	_	COORD	basic	10-51	_	_	
10-53	2055-2061	régről	_	_	_	_	_	_	_	_	_	_	_	_	_	_	_	_	_	_	_	\[/Adv\]	ADV	régről	_	_	_	MODE	basic	10-54	_	_	
10-54	2062-2070	származó	*	*	Nom	*	Pos	*	*	*	*	Sing	*	*	*	*	*	*	Case=Nom\|Degree=Pos\|Number=Sing	*	*	\[/Adj\]\[Nom\]	ADJ	származó	_	_	_	ATT	basic	10-56	_	_	
10-55	2071-2077	baráti	*	*	Nom	*	Pos	*	*	*	*	Sing	*	*	*	*	*	*	Case=Nom\|Degree=Pos\|Number=Sing	*	*	\[/Adj\]\[Nom\]	ADJ	baráti	_	_	_	ATT	basic	10-56	_	_	
10-56	2078-2088	kapcsolata	*	*	Nom	*	*	*	*	*	*	Sing	*	*	*	*	*	*	Case=Nom\|Number=Sing\|Number\[psor\]=Sing\|Person\[psor\]=3	*	*	\[/N\]\[Poss.3Sg\]\[Nom\]	NOUN	kapcsolat	_	_	_	ATT	basic	10-57	_	_	
10-57	2089-2098	köztudott	*	*	Nom	*	Pos	*	*	*	*	Sing	*	*	*	*	*	*	Case=Nom\|Degree=Pos\|Number=Sing	*	*	\[/Adj\]\[Nom\]	ADJ	köztudott	_	_	_	ATT	basic	10-79	_	_	
10-58	2099-2100	,	_	_	_	_	_	_	_	_	_	_	_	_	_	_	_	_	_	_	_	\[Punct\]	PUNCT	,	_	_	_	PUNCT	basic	10-57	_	_	
10-59	2101-2103	ám	_	_	_	_	_	_	_	_	_	_	_	_	_	_	_	_	_	_	_	\[/Cnj\]	CONJ	ám	_	_	_	CONJ	basic	10-57	_	_	
10-60	2104-2105	a	*	*	*	*	*	*	*	*	*	*	*	*	Art	*	*	*	Definite=Def\|PronType=Art	*	*	\[/Det\|Art.Def\]	DET	a	_	_	_	DET	basic	10-61	_	_	
10-61	2106-2118	hangfelvétel	*	*	Nom	*	*	*	*	*	*	Sing	*	*	*	*	*	*	Case=Nom\|Number=Sing	*	*	\[/N\]\[Nom\]	NOUN	hangfelvétel	_	_	_	ATT	basic	10-62	_	_	
10-62	2119-2120	–	_	_	_	_	_	_	_	_	_	_	_	_	_	_	_	_	_	_	_	\[Hyph:Dash\]	X	–	_	_	_	COORD	basic	10-59	_	_	
10-63	2121-2129	amelyről	*	*	Del	*	*	*	*	*	*	Sing	3	*	Rel	*	*	*	Case=Del\|Number=Sing\|Person=3\|PronType=Rel	*	*	\[/N\|Pro\|Rel\]\[Del\]	PRON	amely	_	_	_	OBL	basic	10-69	_	_	
10-64	2130-2131	a	*	*	*	*	*	*	*	*	*	*	*	*	Art	*	*	*	Definite=Def\|PronType=Art	*	*	\[/Det\|Art.Def\]	DET	a	_	_	_	DET	basic	10-66	_	_	
10-65	2132-2137	Forza	*	*	Nom	*	*	*	*	*	*	Sing	*	*	*	*	*	*	Case=Nom\|Number=Sing	*	*	\[/N\]\[Nom\]	PROPN	Forza	_	*[13]	PRA[13]	NE	basic	10-66	tr	10-69[0_13]	
10-66	2138-2144	Italia	*	*	Nom	*	*	*	*	*	*	Sing	*	*	*	*	*	*	Case=Nom\|Number=Sing	*	*	\[/N\]\[Nom\]	PROPN	Italia	_	*[13]	PRA[13]	SUBJ	basic	10-69	_	_	
10-67	2145-2150	aztán	*	*	Nom	*	*	*	*	*	*	Sing	3	*	Prs	*	*	*	Case=Nom\|Number=Sing\|Person=3\|PronType=Prs	*	*	\[/Adv\|Pro\]	PRON	aztán	_	_	_	SUBJ	basic	10-69	_	_	
10-68	2151-2154	azt	*	*	Acc	*	*	*	*	*	*	Sing	3	*	Dem	*	*	*	Case=Acc\|Number=Sing\|Person=3\|PronType=Dem	*	*	\[/Det\|Pro\]\[Acc\]	PRON	az	_	_	_	OBJ	basic	10-69	_	_	
10-69	2155-2164	állította	*	*	*	*	*	*	Ind	*	*	Sing	3	*	*	*	Past	*	Definite=Def\|Mood=Ind\|Number=Sing\|Person=3\|Tense=Past\|VerbForm=Fin\|Voice=Act	Fin	Act	\[/V\]\[Pst.Def.3Sg\]	VERB	állít	Pmet	*	PRW	ATT	basic	10-62	_	_	
10-70	2165-2166	,	_	_	_	_	_	_	_	_	_	_	_	_	_	_	_	_	_	_	_	\[Punct\]	PUNCT	,	_	_	_	PUNCT	basic	10-69	_	_	
10-71	2167-2171	hogy	_	_	_	_	_	_	_	_	_	_	_	_	_	_	_	_	_	_	_	\[/Cnj\]	SCONJ	hogy	_	_	_	CONJ	basic	10-69	_	_	
10-72	2172-2182	Berlusconi	*	*	Nom	*	*	*	*	*	*	Sing	*	*	*	*	*	*	Case=Nom\|Number=Sing	*	*	\[/N\]\[Nom\]	PROPN	Berlusconi	_	_	_	SUBJ	basic	10-77	_	_	
10-73	2183-2187	csak	_	_	_	_	_	_	_	_	_	_	_	_	_	_	_	_	_	_	_	\[/Adv\]	ADV	csak	_	_	_	MODE	basic	10-76	_	_	
10-74	2188-2191	egy	*	*	*	*	*	*	*	*	*	*	*	*	Art	*	*	*	Definite=Ind\|PronType=Art	*	*	\[/Det\|Art.NDef\]	DET	egy	_	_	_	DET	basic	10-76	_	_	
10-75	2192-2196	régi	*	*	Nom	*	Pos	*	*	*	*	Sing	*	*	*	*	*	*	Case=Nom\|Degree=Pos\|Number=Sing	*	*	\[/Adj\]\[Nom\]	ADJ	régi	_	_	_	ATT	basic	10-76	_	_	
10-76	2197-2207	történetet	*	*	Acc	*	*	*	*	*	*	Sing	*	*	*	*	*	*	Case=Acc\|Number=Sing	*	*	\[/N\]\[Acc\]	NOUN	történet	_	_	_	OBJ	basic	10-77	_	_	
10-77	2208-2214	mesélt	*	*	*	*	*	*	Ind	*	*	Sing	3	*	*	*	Past	*	Definite=Ind\|Mood=Ind\|Number=Sing\|Person=3\|Tense=Past\|VerbForm=Fin\|Voice=Act	Fin	Act	\[/V\]\[Pst.NDef.3Sg\]	VERB	mesél	_	_	_	ATT	basic	10-71	_	_	
10-78	2215-2233	képviselőtársainak	*	*	Dat	*	*	*	*	*	*	Plur	*	*	*	*	*	*	Case=Dat\|Number=Plur\|Number\[psor\]=Sing\|Person\[psor\]=3	*	*	\[/N\]\[Pl.Poss.3Sg\]\[Dat\]	NOUN	képviselőtárs	_	_	_	DAT	basic	10-77	_	_	
10-79	2234-2235	–	_	_	_	_	_	_	_	_	_	_	_	_	_	_	_	_	_	_	_	\[Hyph:Dash\]	X	–	_	_	_	OBL	basic	10-82	_	_	
10-80	2236-2242	komoly	*	*	Nom	*	Pos	*	*	*	*	Sing	*	*	*	*	*	*	Case=Nom\|Degree=Pos\|Number=Sing	*	*	\[/Adj\]\[Nom\]	ADJ	komoly	_	_	_	ATT	basic	10-81	_	_	
10-81	2243-2252	fejtörést	*	*	Acc	*	*	*	*	*	*	Sing	*	*	*	*	*	*	Case=Acc\|Number=Sing	*	*	\[/N\]\[Acc\]	NOUN	fejtörés	_	_	_	OBJ	basic	10-82	_	_	
10-82	2253-2263	okozhatott	*	*	*	*	*	*	Pot	*	*	Sing	3	*	*	*	Past	*	Definite=Ind\|Mood=Pot\|Number=Sing\|Person=3\|Tense=Past\|VerbForm=Fin\|Voice=Act	Fin	Act	\[/V\]\[\_Mod/V\]\[Pst.NDef.3Sg\]	VERB	okoz	_	_	_	COORD	basic	10-48	_	_	
10-83	2264-2273	Meloninak	*	*	Dat	*	*	*	*	*	*	Sing	*	*	*	*	*	*	Case=Dat\|Number=Sing	*	*	\[/N\]\[Dat\]	PROPN	Meloni	_	_	_	DAT	basic	10-82	_	_	
10-84	2274-2275	,	_	_	_	_	_	_	_	_	_	_	_	_	_	_	_	_	_	_	_	\[Punct\]	PUNCT	,	_	_	_	PUNCT	basic	10-82	_	_	
10-85	2276-2279	aki	*	*	Nom	*	*	*	*	*	*	Sing	3	*	Rel	*	*	*	Case=Nom\|Number=Sing\|Person=3\|PronType=Rel	*	*	\[/N\|Pro\|Rel\]\[Nom\]	PRON	aki	_	_	_	SUBJ	basic	10-97	_	_	
10-86	2280-2283	már	_	_	_	_	_	_	_	_	_	_	_	_	_	_	_	_	_	_	_	\[/Adv\]	ADV	már	_	_	_	TLOCY	basic	10-97	_	_	
10-87	2284-2285	a	*	*	*	*	*	*	*	*	*	*	*	*	Art	*	*	*	Definite=Def\|PronType=Art	*	*	\[/Det\|Art.Def\]	DET	a	_	_	_	DET	basic	10-88	_	_	
10-88	2286-2293	kampány	*	*	Nom	*	*	*	*	*	*	Sing	*	*	*	*	*	*	Case=Nom\|Number=Sing	*	*	\[/N\]\[Nom\]	NOUN	kampány	_	_	_	ATT	basic	10-89	_	_	
10-89	2294-2299	alatt	_	_	_	_	_	_	_	_	_	_	_	_	_	_	_	_	_	_	_	\[/Post\]	ADP	alatt	_	_	_	MODE	basic	10-98	_	_	
10-90	2300-2302	is	_	_	_	_	_	_	_	_	_	_	_	_	_	_	_	_	_	_	_	\[/Adv\]	ADV	is	_	_	_	MODE	basic	10-89	_	_	
10-91	2303-2304	,	_	_	_	_	_	_	_	_	_	_	_	_	_	_	_	_	_	_	_	\[Punct\]	PUNCT	,	_	_	_	PUNCT	basic	10-89	_	_	
10-92	2305-2307	de	_	_	_	_	_	_	_	_	_	_	_	_	_	_	_	_	_	_	_	\[/Cnj\]	CONJ	de	_	_	_	CONJ	basic	10-89	_	_	
10-93	2308-2317	leginkább	*	*	*	*	Sup	*	*	*	*	*	*	*	*	*	*	*	Degree=Sup	*	*	\[/Supl\]\[/Adv\]	ADV	inkább	_	_	_	MODE	basic	10-95	_	_	
10-94	2318-2331	megválasztása	*	*	Nom	*	*	*	*	*	*	Sing	*	*	*	*	*	*	Case=Nom\|Number=Sing\|Number\[psor\]=Sing\|Person\[psor\]=3	*	*	\[/N\]\[Poss.3Sg\]\[Nom\]	NOUN	megválasztás	_	_	_	ATT	basic	10-95	_	_	
10-95	2332-2335	óta	_	_	_	_	_	_	_	_	_	_	_	_	_	_	_	_	_	_	_	\[/Post\]	ADP	óta	_	_	_	COORD	basic	10-92	_	_	
10-96	2336-2339	nem	*	*	*	*	*	*	*	*	*	*	*	*	Neg	*	*	*	PronType=Neg	*	*	\[/Adv\]	ADV	nem	_	_	_	NEG	basic	10-97	_	_	
10-97	2340-2345	győzi	*	*	*	*	*	*	Ind	*	*	Sing	3	*	*	*	Pres	*	Definite=Def\|Mood=Ind\|Number=Sing\|Person=3\|Tense=Pres\|VerbForm=Fin\|Voice=Act	Fin	Act	\[/V\]\[Prs.Def.3Sg\]	VERB	győz	_	_	_	ATT	basic	10-82	_	_	
10-98	2346-2358	hangsúlyozni	*	*	*	*	*	*	*	*	*	*	*	*	*	*	*	*	VerbForm=Inf\|Voice=Act	Inf	Act	\[/V\]\[Inf\]	VERB	hangsúlyoz	_	_	_	INF	basic	10-97	_	_	
10-99	2359-2369	atlantista	*	*	Nom	*	Pos	*	*	*	*	Sing	*	*	*	*	*	*	Case=Nom\|Degree=Pos\|Number=Sing	*	*	\[/Adj\]\[Nom\]	ADJ	atlantista	_	_	_	ATT	basic	10-100	_	_	
10-100	2370-2385	elköteleződését	*	*	Acc	*	*	*	*	*	*	Sing	*	*	*	*	*	*	Case=Acc\|Number=Sing\|Number\[psor\]=Sing\|Person\[psor\]=3	*	*	\[/N\]\[Poss.3Sg\]\[Acc\]	NOUN	elköteleződés	_	_	_	OBJ	basic	10-98	_	_	
10-101	2386-2387	.	_	_	_	_	_	_	_	_	_	_	_	_	_	_	_	_	_	_	_	\[Punct\]	PUNCT	.	_	_	_	PUNCT	basic	10-101	_	_	

#Text=A felvétel nyilvánosságra kerülése után az új miniszterelnök egyértelművé tette , kormánya nem fogja megtűrni az ilyesfajta kijelentéseket .
11-1	2388-2389	A	*	*	*	*	*	*	*	*	*	*	*	*	Art	*	*	*	Definite=Def\|PronType=Art	*	*	\[/Det\|Art.Def\]	DET	a	_	_	_	DET	basic	11-2	_	_	
11-2	2390-2398	felvétel	*	*	Nom	*	*	*	*	*	*	Sing	*	*	*	*	*	*	Case=Nom\|Number=Sing	*	*	\[/N\]\[Nom\]	NOUN	felvétel	_	_	_	ATT	basic	11-4	_	_	
11-3	2399-2413	nyilvánosságra	*	*	Sub	*	*	*	*	*	*	Sing	*	*	*	*	*	*	Case=Sub\|Number=Sing	*	*	\[/N\]\[Subl\]	NOUN	nyilvánosság	_	_	_	OBL	basic	11-4	_	_	
11-4	2414-2422	kerülése	*	*	Nom	*	*	*	*	*	*	Sing	*	*	*	*	*	*	Case=Nom\|Number=Sing\|Number\[psor\]=Sing\|Person\[psor\]=3	*	*	\[/N\]\[Poss.3Sg\]\[Nom\]	NOUN	kerülés	_	_	_	ATT	basic	11-5	_	_	
11-5	2423-2427	után	_	_	_	_	_	_	_	_	_	_	_	_	_	_	_	_	_	_	_	\[/Post\]	ADP	után	_	_	_	TLOCY	basic	11-10	_	_	
11-6	2428-2430	az	*	*	*	*	*	*	*	*	*	*	*	*	Art	*	*	*	Definite=Def\|PronType=Art	*	*	\[/Det\|Art.Def\]	DET	az	_	_	_	DET	basic	11-8	_	_	
11-7	2431-2433	új	*	*	Nom	*	Pos	*	*	*	*	Sing	*	*	*	*	*	*	Case=Nom\|Degree=Pos\|Number=Sing	*	*	\[/Adj\]\[Nom\]	ADJ	új	_	_	_	ATT	basic	11-8	_	_	
11-8	2434-2448	miniszterelnök	*	*	Nom	*	*	*	*	*	*	Sing	*	*	*	*	*	*	Case=Nom\|Number=Sing	*	*	\[/N\]\[Nom\]	NOUN	miniszterelnök	_	_	_	SUBJ	basic	11-10	_	_	
11-9	2449-2461	egyértelművé	*	*	Tra	*	Pos	*	*	*	*	Sing	*	*	*	*	*	*	Case=Tra\|Degree=Pos\|Number=Sing	*	*	\[/Adj\]\[Transl\]	ADJ	egyértelmű	_	_	_	OBL	basic	11-10	_	_	
11-10	2462-2467	tette	*	*	*	*	*	*	Ind	*	*	Sing	3	*	*	*	Past	*	Definite=Def\|Mood=Ind\|Number=Sing\|Person=3\|Tense=Past\|VerbForm=Fin\|Voice=Act	Fin	Act	\[/V\]\[Pst.Def.3Sg\]	VERB	tesz	_	_	_	ROOT	basic	11-10	_	_	
11-11	2468-2469	,	_	_	_	_	_	_	_	_	_	_	_	_	_	_	_	_	_	_	_	\[Punct\]	PUNCT	,	_	_	_	PUNCT	basic	11-10	_	_	
11-12	2470-2478	kormánya	*	*	Nom	*	*	*	*	*	*	Sing	*	*	*	*	*	*	Case=Nom\|Number=Sing\|Number\[psor\]=Sing\|Person\[psor\]=3	*	*	\[/N\]\[Poss.3Sg\]\[Nom\]	NOUN	kormány	_	*	PRA	SUBJ	basic	11-14	tr	11-15	
11-13	2479-2482	nem	*	*	*	*	*	*	*	*	*	*	*	*	Neg	*	*	*	PronType=Neg	*	*	\[/Adv\]	ADV	nem	_	_	_	NEG	basic	11-14	_	_	
11-14	2483-2488	fogja	*	*	*	*	*	*	Ind	*	*	Sing	3	*	*	*	Pres	*	Definite=Def\|Mood=Ind\|Number=Sing\|Person=3\|Tense=Pres\|VerbForm=Fin\|Voice=Act	Fin	Act	\[/V\]\[Prs.Def.3Sg\]	VERB	fog	_	_	_	ATT	basic	11-10	_	_	
11-15	2489-2497	megtűrni	*	*	*	*	*	*	*	*	*	*	*	*	*	*	*	*	VerbForm=Inf\|Voice=Act	Inf	Act	\[/V\]\[Inf\]	VERB	megtűr	Pmet	*	PRW	INF	basic	11-14	_	_	
11-16	2498-2500	az	*	*	*	*	*	*	*	*	*	*	*	*	Art	*	*	*	Definite=Def\|PronType=Art	*	*	\[/Det\|Art.Def\]	DET	az	_	_	_	DET	basic	11-18	_	_	
11-17	2501-2511	ilyesfajta	*	*	Nom	*	Pos	*	*	*	*	Sing	*	*	*	*	*	*	Case=Nom\|Degree=Pos\|Number=Sing	*	*	\[/Adj\|Pro\]\[Nom\]	ADJ	ilyesfajta	_	_	_	ATT	basic	11-18	_	_	
11-18	2512-2526	kijelentéseket	*	*	Acc	*	*	*	*	*	*	Plur	*	*	*	*	*	*	Case=Acc\|Number=Plur	*	*	\[/N\]\[Pl\]\[Acc\]	NOUN	kijelentés	_	_	_	OBJ	basic	11-15	_	_	
11-19	2527-2528	.	_	_	_	_	_	_	_	_	_	_	_	_	_	_	_	_	_	_	_	\[Punct\]	PUNCT	.	_	_	_	PUNCT	basic	11-19	_	_	

#Text=„ Velünk a kormányban Olaszország soha nem lesz a Nyugat gyenge láncszeme ” – hangsúlyozta Meloni .
12-1	2529-2530	„	_	_	_	_	_	_	_	_	_	_	_	_	_	_	_	_	_	_	_	\[Punct\]	PUNCT	„	_	_	_	PUNCT	basic	12-8	_	_	
12-2	2531-2537	Velünk	*	*	Ins	*	*	*	*	*	*	Plur	1	*	Prs	*	*	*	Case=Ins\|Number=Plur\|Person=1\|PronType=Prs	*	*	\[/N\|Pro\]\[Ins\]\[1Pl\]	PRON	mi	_	_	_	OBL	basic	12-8	_	_	
12-3	2538-2539	a	*	*	*	*	*	*	*	*	*	*	*	*	Art	*	*	*	Definite=Def\|PronType=Art	*	*	\[/Det\|Art.Def\]	DET	a	_	_	_	DET	basic	12-4	_	_	
12-4	2540-2550	kormányban	*	*	Ine	*	*	*	*	*	*	Sing	*	*	*	*	*	*	Case=Ine\|Number=Sing	*	*	\[/N\]\[Ine\]	NOUN	kormány	_	_	_	OBL	basic	12-8	_	_	
12-5	2551-2562	Olaszország	*	*	Nom	*	*	*	*	*	*	Sing	*	*	*	*	*	*	Case=Nom\|Number=Sing	*	*	\[/N\]\[Nom\]	PROPN	Olaszország	_	_	_	SUBJ	basic	12-8	_	_	
12-6	2563-2567	soha	_	_	_	_	_	_	_	_	_	_	_	_	_	_	_	_	_	_	_	\[/Adv\]	ADV	soha	_	_	_	TLOCY	basic	12-8	_	_	
12-7	2568-2571	nem	*	*	*	*	*	*	*	*	*	*	*	*	Neg	*	*	*	PronType=Neg	*	*	\[/Adv\]	ADV	nem	_	_	_	NEG	basic	12-8	_	_	
12-8	2572-2576	lesz	*	*	*	*	*	*	Ind	*	*	Sing	3	*	*	*	Pres	*	Definite=Ind\|Mood=Ind\|Number=Sing\|Person=3\|Tense=Pres\|VerbForm=Fin\|Voice=Act	Fin	Act	\[/V\]\[Prs.NDef.3Sg\]	VERB	lesz	_	_	_	APPEND	basic	12-15	_	_	
12-9	2577-2578	a	*	*	*	*	*	*	*	*	*	*	*	*	Art	*	*	*	Definite=Def\|PronType=Art	*	*	\[/Det\|Art.Def\]	DET	a	_	_	_	DET	basic	12-10	_	_	
12-10	2579-2585	Nyugat	*	*	Nom	*	*	*	*	*	*	Sing	*	*	*	*	*	*	Case=Nom\|Number=Sing	*	*	\[/N\]\[Nom\]	NOUN	nyugat	_	_	_	ATT	basic	12-12	_	_	
12-11	2586-2592	gyenge	*	*	Nom	*	Pos	*	*	*	*	Sing	*	*	*	*	*	*	Case=Nom\|Degree=Pos\|Number=Sing	*	*	\[/Adj\]\[Nom\]	ADJ	gyenge	_	_	_	ATT	basic	12-12	_	_	
12-12	2593-2602	láncszeme	*	*	Nom	*	*	*	*	*	*	Sing	*	*	*	*	*	*	Case=Nom\|Number=Sing\|Number\[psor\]=Sing\|Person\[psor\]=3	*	*	\[/N\]\[Poss.3Sg\]\[Nom\]	NOUN	láncszem	_	_	_	SUBJ	basic	12-8	_	_	
12-13	2603-2604	”	_	_	_	_	_	_	_	_	_	_	_	_	_	_	_	_	_	_	_	\[Punct\]	PUNCT	”	_	_	_	PUNCT	basic	12-8	_	_	
12-14	2605-2606	–	_	_	_	_	_	_	_	_	_	_	_	_	_	_	_	_	_	_	_	\[Hyph:Dash\]	X	–	_	_	_	MODE	basic	12-15	_	_	
12-15	2607-2619	hangsúlyozta	*	*	*	*	*	*	Ind	*	*	Sing	3	*	*	*	Past	*	Definite=Def\|Mood=Ind\|Number=Sing\|Person=3\|Tense=Past\|VerbForm=Fin\|Voice=Act	Fin	Act	\[/V\]\[Pst.Def.3Sg\]	VERB	hangsúlyoz	_	_	_	ROOT	basic	12-15	_	_	
12-16	2620-2626	Meloni	*	*	*	*	*	*	*	*	*	*	*	*	*	*	*	*	VerbForm=Inf\|Voice=Act	Inf	Act	\[/V\]\[Inf\]	VERB	Melo	_	_	_	INF	basic	12-15	_	_	
12-17	2627-2628	.	_	_	_	_	_	_	_	_	_	_	_	_	_	_	_	_	_	_	_	\[Punct\]	PUNCT	.	_	_	_	PUNCT	basic	12-17	_	_	

#Text=Napokkal előtte is nyilvánosságra kerültek a pártok közötti feszültségek , amelyek a miniszteri és parlamenti vezetői posztok körül alakultak ki .
13-1	2629-2637	Napokkal	*	*	Ins	*	*	*	*	*	*	Plur	*	*	*	*	*	*	Case=Ins\|Number=Plur	*	*	\[/N\]\[Pl\]\[Ins\]	NOUN	nap	_	_	_	OBL	basic	13-2	_	_	
13-2	2638-2644	előtte	_	_	_	_	_	_	_	_	_	_	_	_	_	_	_	_	_	_	_	\[/Post\]\[3Sg\]	ADP	előtt	_	_	_	TLOCY	basic	13-5	_	_	
13-3	2645-2647	is	_	_	_	_	_	_	_	_	_	_	_	_	_	_	_	_	_	_	_	\[/Adv\]	ADV	is	_	_	_	MODE	basic	13-5	_	_	
13-4	2648-2662	nyilvánosságra	*	*	Sub	*	*	*	*	*	*	Sing	*	*	*	*	*	*	Case=Sub\|Number=Sing	*	*	\[/N\]\[Subl\]	NOUN	nyilvánosság	_	_	_	OBL	basic	13-5	_	_	
13-5	2663-2671	kerültek	*	*	*	*	*	*	Ind	*	*	Plur	3	*	*	*	Past	*	Definite=Ind\|Mood=Ind\|Number=Plur\|Person=3\|Tense=Past\|VerbForm=Fin\|Voice=Act	Fin	Act	\[/V\]\[Pst.NDef.3Pl\]	VERB	kerül	_	_	_	ROOT	basic	13-5	_	_	
13-6	2672-2673	a	*	*	*	*	*	*	*	*	*	*	*	*	Art	*	*	*	Definite=Def\|PronType=Art	*	*	\[/Det\|Art.Def\]	DET	a	_	_	_	DET	basic	13-7	_	_	
13-7	2674-2680	pártok	*	*	Nom	*	*	*	*	*	*	Plur	*	*	*	*	*	*	Case=Nom\|Number=Plur	*	*	\[/N\]\[Pl\]\[Nom\]	NOUN	párt	_	_	_	ATT	basic	13-8	_	_	
13-8	2681-2688	közötti	*	*	Nom	*	Pos	*	*	*	*	Sing	*	*	*	*	*	*	Case=Nom\|Degree=Pos\|Number=Sing	*	*	\[/Adj\]\[Nom\]	ADJ	közötti	_	_	_	ATT	basic	13-9	_	_	
13-9	2689-2701	feszültségek	*	*	Nom	*	*	*	*	*	*	Plur	*	*	*	*	*	*	Case=Nom\|Number=Plur	*	*	\[/N\]\[Pl\]\[Nom\]	NOUN	feszültség	Pmet	*	PRW	SUBJ	basic	13-5	_	_	
13-10	2702-2703	,	_	_	_	_	_	_	_	_	_	_	_	_	_	_	_	_	_	_	_	\[Punct\]	PUNCT	,	_	_	_	PUNCT	basic	13-5	_	_	
13-11	2704-2711	amelyek	*	*	Nom	*	*	*	*	*	*	Plur	3	*	Rel	*	*	*	Case=Nom\|Number=Plur\|Person=3\|PronType=Rel	*	*	\[/N\|Pro\|Rel\]\[Pl\]\[Nom\]	PRON	amely	_	_	_	SUBJ	basic	13-19	_	_	
13-12	2712-2713	a	*	*	*	*	*	*	*	*	*	*	*	*	Art	*	*	*	Definite=Def\|PronType=Art	*	*	\[/Det\|Art.Def\]	DET	a	_	_	_	DET	basic	13-17	_	_	
13-13	2714-2724	miniszteri	*	*	Nom	*	Pos	*	*	*	*	Sing	*	*	*	*	*	*	Case=Nom\|Degree=Pos\|Number=Sing	*	*	\[/Adj\]\[Nom\]	ADJ	miniszteri	_	_	_	ATT	basic	13-17	_	_	
13-14	2725-2727	és	_	_	_	_	_	_	_	_	_	_	_	_	_	_	_	_	_	_	_	\[/Cnj\]	CONJ	és	_	_	_	CONJ	basic	13-13	_	_	
13-15	2728-2738	parlamenti	*	*	Nom	*	Pos	*	*	*	*	Sing	*	*	*	*	*	*	Case=Nom\|Degree=Pos\|Number=Sing	*	*	\[/Adj\]\[Nom\]	ADJ	parlamenti	_	_	_	ATT	basic	13-16	_	_	
13-16	2739-2746	vezetői	*	*	Nom	*	Pos	*	*	*	*	Sing	*	*	*	*	*	*	Case=Nom\|Degree=Pos\|Number=Sing	*	*	\[/Adj\]\[Nom\]	ADJ	vezetői	_	_	_	COORD	basic	13-14	_	_	
13-17	2747-2754	posztok	*	*	Nom	*	*	*	*	*	*	Plur	*	*	*	*	*	*	Case=Nom\|Number=Plur	*	*	\[/N\]\[Pl\]\[Nom\]	NOUN	poszt	_	_	_	ATT	basic	13-18	_	_	
13-18	2755-2760	körül	_	_	_	_	_	_	_	_	_	_	_	_	_	_	_	_	_	_	_	\[/Post\]	ADP	körül	_	_	_	MODE	basic	13-19	_	_	
13-19	2761-2770	alakultak	*	*	*	*	*	*	Ind	*	*	Plur	3	*	*	*	Past	*	Definite=Ind\|Mood=Ind\|Number=Plur\|Person=3\|Tense=Past\|VerbForm=Fin\|Voice=Act	Fin	Act	\[/V\]\[Pst.NDef.3Pl\]	VERB	alakul	_	_	_	ATT	basic	13-5	_	_	
13-20	2771-2773	ki	_	_	_	_	_	_	_	_	_	_	_	_	_	_	_	_	_	_	_	\[/Prev\]	ADV	ki	_	_	_	PREVERB	basic	13-19	_	_	
13-21	2774-2775	.	_	_	_	_	_	_	_	_	_	_	_	_	_	_	_	_	_	_	_	\[Punct\]	PUNCT	.	_	_	_	PUNCT	basic	13-21	_	_	

#Text=A La Repubblica olasz lap október közepén hozott le egy képet , amelyen Berlusconi lefotózott jegyzete látható .
14-1	2776-2777	A	*	*	*	*	*	*	*	*	*	*	*	*	Art	*	*	*	Definite=Def\|PronType=Art	*	*	\[/Det\|Art.Def\]	DET	a	_	_	_	DET	basic	14-5	_	_	
14-2	2778-2780	La	*	*	Nom	*	*	*	*	*	*	Sing	*	*	*	*	*	*	Case=Nom\|Number=Sing	*	*	\[/N\]\[Nom\]	PROPN	La	_	_	_	NE	basic	14-3	_	_	
14-3	2781-2791	Repubblica	*	*	Nom	*	*	*	*	*	*	Sing	*	*	*	*	*	*	Case=Nom\|Number=Sing	*	*	\[/N\]	PROPN	Repubblica	_	_	_	ATT	basic	14-5	_	_	
14-4	2792-2797	olasz	*	*	Nom	*	Pos	*	*	*	*	Sing	*	*	*	*	*	*	Case=Nom\|Degree=Pos\|Number=Sing	*	*	\[/Adj\]\[Nom\]	ADJ	olasz	_	_	_	ATT	basic	14-5	_	_	
14-5	2798-2801	lap	*	*	Nom	*	*	*	*	*	*	Sing	*	*	*	*	*	*	Case=Nom\|Number=Sing	*	*	\[/N\]\[Nom\]	NOUN	lap	_	_	_	ATT	basic	14-7	_	_	
14-6	2802-2809	október	*	*	Nom	*	*	*	*	*	*	Sing	*	*	*	*	*	*	Case=Nom\|Number=Sing	*	*	\[/N\]\[Nom\]	NOUN	október	_	_	_	ATT	basic	14-7	_	_	
14-7	2810-2817	közepén	*	*	Sup	*	*	*	*	*	*	Sing	*	*	*	*	*	*	Case=Sup\|Number=Sing\|Number\[psor\]=Sing\|Person\[psor\]=3	*	*	\[/N\]\[Poss.3Sg\]\[Supe\]	NOUN	közép	_	_	_	OBL	basic	14-8	_	_	
14-8	2818-2824	hozott	*	*	Nom	*	Pos	*	*	*	*	Sing	*	*	*	*	*	*	Case=Nom\|Degree=Pos\|Number=Sing	*	*	\[/Adj\]\[Nom\]	ADJ	hozott	_	_	_	ROOT	basic	14-8	_	_	
14-9	2825-2827	le	_	_	_	_	_	_	_	_	_	_	_	_	_	_	_	_	_	_	_	\[/Prev\]	ADV	le	_	_	_	CONJ	basic	14-8	_	_	
14-10	2828-2831	egy	*	*	*	*	*	*	*	*	*	*	*	*	Art	*	*	*	Definite=Ind\|PronType=Art	*	*	\[/Det\|Art.NDef\]	DET	egy	_	_	_	DET	basic	14-11	_	_	
14-11	2832-2837	képet	*	*	Acc	*	*	*	*	*	*	Sing	*	*	*	*	*	*	Case=Acc\|Number=Sing	*	*	\[/N\]\[Acc\]	NOUN	kép	_	_	_	OBJ	basic	14-9	_	_	
14-12	2838-2839	,	_	_	_	_	_	_	_	_	_	_	_	_	_	_	_	_	_	_	_	\[Punct\]	PUNCT	,	_	_	_	PUNCT	basic	14-9	_	_	
14-13	2840-2847	amelyen	*	*	Sup	*	*	*	*	*	*	Sing	3	*	Rel	*	*	*	Case=Sup\|Number=Sing\|Person=3\|PronType=Rel	*	*	\[/N\|Pro\|Rel\]\[Supe\]	PRON	amely	_	_	_	OBL	basic	14-16	_	_	
14-14	2848-2858	Berlusconi	*	*	Nom	*	*	*	*	*	*	Sing	*	*	*	*	*	*	Case=Nom\|Number=Sing	*	*	\[/N\]\[Nom\]	PROPN	Berlusconi	_	_	_	ATT	basic	14-16	_	_	
14-15	2859-2869	lefotózott	*	*	Nom	*	Pos	*	*	*	*	Sing	*	*	*	*	*	*	Case=Nom\|Degree=Pos\|Number=Sing	*	*	\[/Adj\]\[Nom\]	ADJ	lefotózott	_	_	_	ATT	basic	14-16	_	_	
14-16	2870-2878	jegyzete	*	*	Nom	*	*	*	*	*	*	Sing	*	*	*	*	*	*	Case=Nom\|Number=Sing\|Number\[psor\]=Sing\|Person\[psor\]=3	*	*	\[/N\]\[Poss.3Sg\]\[Nom\]	NOUN	jegyzet	_	_	_	SUBJ	basic	14-17	_	_	
14-17	2879-2886	látható	*	*	Nom	*	Pos	*	*	*	*	Sing	*	*	*	*	*	*	Case=Nom\|Degree=Pos\|Number=Sing	*	*	\[/Adj\]\[Nom\]	ADJ	látható	_	_	_	COORD	basic	14-9	_	_	
14-18	2887-2888	.	_	_	_	_	_	_	_	_	_	_	_	_	_	_	_	_	_	_	_	\[Punct\]	PUNCT	.	_	_	_	PUNCT	basic	14-18	_	_	

#Text=Melonira utalva azt írta fel , hogy a „ lekicsinylő , főnökösködő , arrogáns és sértegető ” , valamint azt is , hogy „ nem akar megváltozni , nem lehet vele kijönni ” .
15-1	2889-2897	Melonira	*	*	Nom	*	*	*	*	*	*	Sing	*	*	*	*	*	*	Case=Nom\|Number=Sing	*	*	\[/N\]\[Nom\]	PROPN	Meloni	_	_	_	SUBJ	basic	15-4	_	_	
15-2	2898-2904	utalva	*	*	*	*	*	*	*	*	*	*	*	*	*	*	*	*	VerbForm=Trans	Trans	*	\[/V\]\[\_AdvPtcp/Adv\]	ADV	utal	_	_	_	MODE	basic	15-4	_	_	
15-3	2905-2908	azt	*	*	Acc	*	*	*	*	*	*	Sing	3	*	Dem	*	*	*	Case=Acc\|Number=Sing\|Person=3\|PronType=Dem	*	*	\[/Det\|Pro\]\[Acc\]	PRON	az	_	_	_	OBJ	basic	15-4	_	_	
15-4	2909-2913	írta	*	*	*	*	*	*	Ind	*	*	Sing	3	*	*	*	Past	*	Definite=Def\|Mood=Ind\|Number=Sing\|Person=3\|Tense=Past\|VerbForm=Fin\|Voice=Act	Fin	Act	\[/V\]\[Pst.Def.3Sg\]	VERB	ír	_	_	_	ROOT	basic	15-4	_	_	
15-5	2914-2917	fel	_	_	_	_	_	_	_	_	_	_	_	_	_	_	_	_	_	_	_	\[/Prev\]	ADV	fel	_	_	_	MODE	basic	15-4	_	_	
15-6	2918-2919	,	_	_	_	_	_	_	_	_	_	_	_	_	_	_	_	_	_	_	_	\[Punct\]	PUNCT	,	_	_	_	PUNCT	basic	15-4	_	_	
15-7	2920-2924	hogy	_	_	_	_	_	_	_	_	_	_	_	_	_	_	_	_	_	_	_	\[/Cnj\]	SCONJ	hogy	_	_	_	CONJ	basic	15-4	_	_	
15-8	2925-2926	a	*	*	*	*	*	*	*	*	*	*	*	*	Art	*	*	*	Definite=Def\|PronType=Art	*	*	\[/Det\|Art.Def\]	DET	a	_	_	_	DET	basic	15-9	_	_	
15-9	2927-2928	„	*	*	Nom	*	*	*	*	*	*	Sing	*	*	*	*	*	*	Case=Nom\|Number=Sing	*	*	\[/N\]\[Nom\]	NOUN	„	_	_	_	ATT	basic	15-10	_	_	
15-10	2929-2940	lekicsinylő	*	*	Nom	*	Pos	*	*	*	*	Sing	*	*	*	*	*	*	Case=Nom\|Degree=Pos\|Number=Sing	*	*	\[/Adj\]\[Nom\]	ADJ	lekicsinylő	_	_	_	ATT	basic	15-17	_	_	
15-11	2941-2942	,	_	_	_	_	_	_	_	_	_	_	_	_	_	_	_	_	_	_	_	\[Punct\]	PUNCT	,	_	_	_	PUNCT	basic	15-10	_	_	
15-12	2943-2954	főnökösködő	*	*	Nom	*	Pos	*	*	*	*	Sing	*	*	*	*	*	*	Case=Nom\|Degree=Pos\|Number=Sing	*	*	\[/Adj\]\[Nom\]	ADJ	főnökösködő	_	_	_	COORD	basic	15-10	_	_	
15-13	2955-2956	,	_	_	_	_	_	_	_	_	_	_	_	_	_	_	_	_	_	_	_	\[Punct\]	PUNCT	,	_	_	_	PUNCT	basic	15-12	_	_	
15-14	2957-2965	arrogáns	*	*	Nom	*	Pos	*	*	*	*	Sing	*	*	*	*	*	*	Case=Nom\|Degree=Pos\|Number=Sing	*	*	\[/Adj\]\[Nom\]	ADJ	arrogáns	_	_	_	COORD	basic	15-12	_	_	
15-15	2966-2968	és	_	_	_	_	_	_	_	_	_	_	_	_	_	_	_	_	_	_	_	\[/Cnj\]	CONJ	és	_	_	_	CONJ	basic	15-14	_	_	
15-16	2969-2978	sértegető	*	*	Nom	*	Pos	*	*	*	*	Sing	*	*	*	*	*	*	Case=Nom\|Degree=Pos\|Number=Sing	*	*	\[/Adj\]\[Nom\]	ADJ	sértegető	_	_	_	COORD	basic	15-15	_	_	
15-17	2979-2980	”	*	*	Nom	*	*	*	*	*	*	Sing	*	*	*	*	*	*	Case=Nom\|Number=Sing	*	*	\[/N\]\[Nom\]	NOUN	”	_	_	_	ATT	basic	15-7	_	_	
15-18	2981-2982	,	_	_	_	_	_	_	_	_	_	_	_	_	_	_	_	_	_	_	_	\[Punct\]	PUNCT	,	_	_	_	PUNCT	basic	15-17	_	_	
15-19	2983-2991	valamint	_	_	_	_	_	_	_	_	_	_	_	_	_	_	_	_	_	_	_	\[/Cnj\]	CONJ	valamint	_	_	_	CONJ	basic	15-17	_	_	
15-20	2992-2995	azt	*	*	Acc	*	*	*	*	*	*	Sing	3	*	Dem	*	*	*	Case=Acc\|Number=Sing\|Person=3\|PronType=Dem	*	*	\[/Det\|Pro\]\[Acc\]	PRON	az	_	_	_	COORD	basic	15-19	_	_	
15-21	2996-2998	is	_	_	_	_	_	_	_	_	_	_	_	_	_	_	_	_	_	_	_	\[/Adv\]	ADV	is	_	_	_	MODE	basic	15-20	_	_	
15-22	2999-3000	,	_	_	_	_	_	_	_	_	_	_	_	_	_	_	_	_	_	_	_	\[Punct\]	PUNCT	,	_	_	_	PUNCT	basic	15-20	_	_	
15-23	3001-3005	hogy	_	_	_	_	_	_	_	_	_	_	_	_	_	_	_	_	_	_	_	\[/Cnj\]	SCONJ	hogy	_	_	_	CONJ	basic	15-20	_	_	
15-24	3006-3007	„	_	_	_	_	_	_	_	_	_	_	_	_	_	_	_	_	_	_	_	\[Punct\]	PUNCT	„	_	_	_	PUNCT	basic	15-26	_	_	
15-25	3008-3011	nem	*	*	*	*	*	*	*	*	*	*	*	*	Neg	*	*	*	PronType=Neg	*	*	\[/Adv\]	ADV	nem	_	_	_	NEG	basic	15-26	_	_	
15-26	3012-3016	akar	*	*	*	*	*	*	Ind	*	*	Sing	3	*	*	*	Pres	*	Definite=Ind\|Mood=Ind\|Number=Sing\|Person=3\|Tense=Pres\|VerbForm=Fin\|Voice=Act	Fin	Act	\[/V\]\[Prs.NDef.3Sg\]	VERB	akar	_	_	_	ATT	basic	15-23	_	_	
15-27	3017-3028	megváltozni	*	*	*	*	*	*	*	*	*	*	*	*	*	*	*	*	VerbForm=Inf\|Voice=Act	Inf	Act	\[/V\]\[Inf\]	VERB	megváltozik	_	_	_	INF	basic	15-26	_	_	
15-28	3029-3030	,	_	_	_	_	_	_	_	_	_	_	_	_	_	_	_	_	_	_	_	\[Punct\]	PUNCT	,	_	_	_	PUNCT	basic	15-26	_	_	
15-29	3031-3034	nem	*	*	*	*	*	*	*	*	*	*	*	*	Neg	*	*	*	PronType=Neg	*	*	\[/Adv\]	ADV	nem	_	_	_	NEG	basic	15-30	_	_	
15-30	3035-3040	lehet	*	*	*	*	*	*	Pot	*	*	Sing	3	*	*	*	Pres	*	Definite=Ind\|Mood=Pot\|Number=Sing\|Person=3\|Tense=Pres\|VerbForm=Fin\|Voice=Act	Fin	Act	\[/V\]\[\_Mod/V\]\[Prs.NDef.3Sg\]	VERB	van	_	_	_	COORD	basic	15-26	_	_	
15-31	3041-3045	vele	*	*	Ins	*	*	*	*	*	*	Sing	3	*	Prs	*	*	*	Case=Ins\|Number=Sing\|Person=3\|PronType=Prs	*	*	\[/N\|Pro\]\[Ins\]\[3Sg\]	PRON	ő	_	_	_	OBL	basic	15-32	_	_	
15-32	3046-3053	kijönni	*	*	*	*	*	*	*	*	*	*	*	*	*	*	*	*	VerbForm=Inf\|Voice=Act	Inf	Act	\[/V\]\[Inf\]	VERB	kijön	_	_	_	INF	basic	15-30	_	_	
15-33	3054-3055	”	_	_	_	_	_	_	_	_	_	_	_	_	_	_	_	_	_	_	_	\[Punct\]	PUNCT	”	_	_	_	PUNCT	basic	15-30	_	_	
15-34	3056-3057	.	_	_	_	_	_	_	_	_	_	_	_	_	_	_	_	_	_	_	_	\[Punct\]	PUNCT	.	_	_	_	PUNCT	basic	15-34	_	_	

#Text=Meloni erről azt mondta , hogy egy valami hiányzik , „ nem vagyok zsarolható ” .
16-1	3058-3064	Meloni	*	*	Nom	*	*	*	*	*	*	Sing	*	*	*	*	*	*	Case=Nom\|Number=Sing	*	*	\[/N\]\[Nom\]	PROPN	Meloni	_	_	_	SUBJ	basic	16-4	_	_	
16-2	3065-3070	erről	*	*	Del	*	*	*	*	*	*	Sing	3	*	Dem	*	*	*	Case=Del\|Number=Sing\|Person=3\|PronType=Dem	*	*	\[/Det\|Pro\]\[Del\]	PRON	ez	_	_	_	OBL	basic	16-4	_	_	
16-3	3071-3074	azt	*	*	Acc	*	*	*	*	*	*	Sing	3	*	Dem	*	*	*	Case=Acc\|Number=Sing\|Person=3\|PronType=Dem	*	*	\[/Det\|Pro\]\[Acc\]	PRON	az	_	_	_	OBJ	basic	16-4	_	_	
16-4	3075-3081	mondta	*	*	*	*	*	*	Ind	*	*	Sing	3	*	*	*	Past	*	Definite=Def\|Mood=Ind\|Number=Sing\|Person=3\|Tense=Past\|VerbForm=Fin\|Voice=Act	Fin	Act	\[/V\]\[Pst.Def.3Sg\]	VERB	mond	_	_	_	ROOT	basic	16-4	_	_	
16-5	3082-3083	,	_	_	_	_	_	_	_	_	_	_	_	_	_	_	_	_	_	_	_	\[Punct\]	PUNCT	,	_	_	_	PUNCT	basic	16-4	_	_	
16-6	3084-3088	hogy	_	_	_	_	_	_	_	_	_	_	_	_	_	_	_	_	_	_	_	\[/Cnj\]	SCONJ	hogy	_	_	_	CONJ	basic	16-4	_	_	
16-7	3089-3092	egy	*	*	*	*	*	*	*	*	*	*	*	*	Art	*	*	*	Definite=Ind\|PronType=Art	*	*	\[/Det\|Art.NDef\]	DET	egy	_	_	_	DET	basic	16-8	_	_	
16-8	3093-3099	valami	*	*	Nom	*	*	*	*	*	*	Sing	*	*	*	*	*	*	Case=Nom\|Number=Sing	*	*	\[/N\]\[Nom\]	NOUN	valami	_	_	_	SUBJ	basic	16-9	_	_	
16-9	3100-3108	hiányzik	*	*	*	*	*	*	Ind	*	*	Sing	3	*	*	*	Pres	*	Definite=Ind\|Mood=Ind\|Number=Sing\|Person=3\|Tense=Pres\|VerbForm=Fin\|Voice=Act	Fin	Act	\[/V\]\[Prs.NDef.3Sg\]	VERB	hiányzik	_	_	_	ATT	basic	16-6	_	_	
16-10	3109-3110	,	_	_	_	_	_	_	_	_	_	_	_	_	_	_	_	_	_	_	_	\[Punct\]	PUNCT	,	_	_	_	PUNCT	basic	16-9	_	_	
16-11	3111-3112	„	_	_	_	_	_	_	_	_	_	_	_	_	_	_	_	_	_	_	_	\[Punct\]	PUNCT	„	_	_	_	PUNCT	basic	16-9	_	_	
16-12	3113-3116	nem	*	*	*	*	*	*	*	*	*	*	*	*	Neg	*	*	*	PronType=Neg	*	*	\[/Adv\]	ADV	nem	_	_	_	NEG	basic	16-13	_	_	
16-13	3117-3123	vagyok	*	*	*	*	*	*	Ind	*	*	Sing	1	*	*	*	Pres	*	Definite=Ind\|Mood=Ind\|Number=Sing\|Person=1\|Tense=Pres\|VerbForm=Fin\|Voice=Act	Fin	Act	\[/V\]\[Prs.NDef.1Sg\]	VERB	van	_	_	_	COORD	basic	16-9	_	_	
16-14	3124-3134	zsarolható	*	*	Nom	*	Pos	*	*	*	*	Sing	*	*	*	*	*	*	Case=Nom\|Degree=Pos\|Number=Sing	*	*	\[/Adj\]\[Nom\]	ADJ	zsarolható	_	_	_	ATT	basic	16-15	_	_	
16-15	3135-3136	”	*	*	Nom	*	*	*	*	*	*	Sing	*	*	*	*	*	*	Case=Nom\|Number=Sing	*	*	\[/N\]\[Nom\]	NOUN	”	_	_	_	PRED	basic	16-13	_	_	
16-16	3137-3138	.	_	_	_	_	_	_	_	_	_	_	_	_	_	_	_	_	_	_	_	\[Punct\]	PUNCT	.	_	_	_	PUNCT	basic	16-16	_	_	

#Text=A csörte a Politico szerint azután jött , hogy Berlusconi nem akarta támogatni Ignazio La Russát , az Olasz Testvérek fasiszta emléktárgyakat gyűjtő tagját , hogy belőle legyen a szenátus elnöke .
17-1	3139-3140	A	*	*	*	*	*	*	*	*	*	*	*	*	Art	*	*	*	Definite=Def\|PronType=Art	*	*	\[/Det\|Art.Def\]	DET	a	_	_	_	DET	basic	17-2	_	_	
17-2	3141-3147	csörte	*	*	Nom	*	*	*	*	*	*	Sing	*	*	*	*	*	*	Case=Nom\|Number=Sing	*	*	\[/N\]\[Nom\]	NOUN	csörte	_	_	_	SUBJ	basic	17-7	_	_	
17-3	3148-3149	a	*	*	*	*	*	*	*	*	*	*	*	*	Art	*	*	*	Definite=Def\|PronType=Art	*	*	\[/Det\|Art.Def\]	DET	a	_	_	_	DET	basic	17-4	_	_	
17-4	3150-3158	Politico	*	*	Nom	*	*	*	*	*	*	Sing	*	*	*	*	*	*	Case=Nom\|Number=Sing	*	*	\[/N\]\[Nom\]	PROPN	Politico	_	_	_	ATT	basic	17-5	_	_	
17-5	3159-3166	szerint	_	_	_	_	_	_	_	_	_	_	_	_	_	_	_	_	_	_	_	\[/Post\]	ADP	szerint	_	_	_	MODE	basic	17-7	_	_	
17-6	3167-3173	azután	_	_	_	_	_	_	_	_	_	_	_	_	_	_	_	_	_	_	_	\[/Adv\]	ADV	azután	_	_	_	TLOCY	basic	17-7	_	_	
17-7	3174-3178	jött	*	*	*	*	*	*	Ind	*	*	Sing	3	*	*	*	Past	*	Definite=Ind\|Mood=Ind\|Number=Sing\|Person=3\|Tense=Past\|VerbForm=Fin\|Voice=Act	Fin	Act	\[/V\]\[Pst.NDef.3Sg\]	VERB	jön	_	_	_	ROOT	basic	17-7	_	_	
17-8	3179-3180	,	_	_	_	_	_	_	_	_	_	_	_	_	_	_	_	_	_	_	_	\[Punct\]	PUNCT	,	_	_	_	PUNCT	basic	17-7	_	_	
17-9	3181-3185	hogy	_	_	_	_	_	_	_	_	_	_	_	_	_	_	_	_	_	_	_	\[/Cnj\]	SCONJ	hogy	_	_	_	CONJ	basic	17-7	_	_	
17-10	3186-3196	Berlusconi	*	*	Nom	*	*	*	*	*	*	Sing	*	*	*	*	*	*	Case=Nom\|Number=Sing	*	*	\[/N\]\[Nom\]	PROPN	Berlusconi	_	_	_	SUBJ	basic	17-12	_	_	
17-11	3197-3200	nem	*	*	*	*	*	*	*	*	*	*	*	*	Neg	*	*	*	PronType=Neg	*	*	\[/Adv\]	ADV	nem	_	_	_	NEG	basic	17-12	_	_	
17-12	3201-3207	akarta	*	*	*	*	*	*	Ind	*	*	Sing	3	*	*	*	Past	*	Definite=Def\|Mood=Ind\|Number=Sing\|Person=3\|Tense=Past\|VerbForm=Fin\|Voice=Act	Fin	Act	\[/V\]\[Pst.Def.3Sg\]	VERB	akar	_	_	_	ATT	basic	17-9	_	_	
17-13	3208-3217	támogatni	*	*	*	*	*	*	*	*	*	*	*	*	*	*	*	*	VerbForm=Inf\|Voice=Act	Inf	Act	\[/V\]\[Inf\]	VERB	támogat	_	_	_	INF	basic	17-12	_	_	
17-14	3218-3225	Ignazio	*	*	Nom	*	*	*	*	*	*	Sing	*	*	*	*	*	*	Case=Nom\|Number=Sing	*	*	\[/N\]	PROPN	Ignazio	_	_	_	NE	basic	17-15	_	_	
17-15	3226-3228	La	*	*	Nom	*	*	*	*	*	*	Sing	*	*	*	*	*	*	Case=Nom\|Number=Sing	*	*	\[/N\]\[Nom\]	PROPN	La	_	_	_	NE	basic	17-16	_	_	
17-16	3229-3235	Russát	*	*	Acc	*	*	*	*	*	*	Sing	*	*	*	*	*	*	Case=Acc\|Number=Sing\|Number\[psor\]=Sing\|Person\[psor\]=3	*	*	\[/N\]\[Poss.3Sg\]\[Acc\]	PROPN	Russ	_	_	_	OBJ	basic	17-13	_	_	
17-17	3236-3237	,	_	_	_	_	_	_	_	_	_	_	_	_	_	_	_	_	_	_	_	\[Punct\]	PUNCT	,	_	_	_	PUNCT	basic	17-16	_	_	
17-18	3238-3240	az	*	*	*	*	*	*	*	*	*	*	*	*	Art	*	*	*	Definite=Def\|PronType=Art	*	*	\[/Det\|Art.Def\]	DET	az	_	_	_	DET	basic	17-20	_	_	
17-19	3241-3246	Olasz	*	*	Nom	*	*	*	*	*	*	Sing	*	*	*	*	*	*	Case=Nom\|Number=Sing	*	*	\[/N\]\[Nom\]	PROPN	Olasz	_	_	_	ATT	basic	17-20	_	_	
17-20	3247-3256	Testvérek	*	*	Nom	*	*	*	*	*	*	Plur	*	*	*	*	*	*	Case=Nom\|Number=Plur	*	*	\[/N\]\[Pl\]\[Nom\]	NOUN	testvér	_	_	_	ATT	basic	17-24	_	_	
17-21	3257-3265	fasiszta	*	*	Nom	*	Pos	*	*	*	*	Sing	*	*	*	*	*	*	Case=Nom\|Degree=Pos\|Number=Sing	*	*	\[/Adj\]\[Nom\]	ADJ	fasiszta	_	_	_	ATT	basic	17-22	_	_	
17-22	3266-3280	emléktárgyakat	*	*	Acc	*	*	*	*	*	*	Plur	*	*	*	*	*	*	Case=Acc\|Number=Plur	*	*	\[/N\]\[Pl\]\[Acc\]	NOUN	emléktárgy	_	_	_	OBJ	basic	17-23	_	_	
17-23	3281-3287	gyűjtő	*	*	Nom	*	Pos	*	*	*	*	Sing	*	*	*	*	*	*	Case=Nom\|Degree=Pos\|Number=Sing	*	*	\[/Adj\]\[Nom\]	ADJ	gyűjtő	_	_	_	ATT	basic	17-24	_	_	
17-24	3288-3294	tagját	*	*	Acc	*	*	*	*	*	*	Sing	*	*	*	*	*	*	Case=Acc\|Number=Sing\|Number\[psor\]=Sing\|Person\[psor\]=3	*	*	\[/N\]\[Poss.3Sg\]\[Acc\]	NOUN	tag	_	_	_	COORD	basic	17-16	_	_	
17-25	3295-3296	,	_	_	_	_	_	_	_	_	_	_	_	_	_	_	_	_	_	_	_	\[Punct\]	PUNCT	,	_	_	_	PUNCT	basic	17-12	_	_	
17-26	3297-3301	hogy	_	_	_	_	_	_	_	_	_	_	_	_	_	_	_	_	_	_	_	\[/Cnj\]	SCONJ	hogy	_	_	_	CONJ	basic	17-12	_	_	
17-27	3302-3308	belőle	*	*	Ela	*	*	*	*	*	*	Sing	3	*	Prs	*	*	*	Case=Ela\|Number=Sing\|Person=3\|PronType=Prs	*	*	\[/N\|Pro\]\[Ela\]\[3Sg\]	PRON	ő	_	_	_	OBL	basic	17-28	_	_	
17-28	3309-3315	legyen	*	*	*	*	*	*	Imp	*	*	Sing	3	*	*	*	Pres	*	Definite=Ind\|Mood=Imp\|Number=Sing\|Person=3\|Tense=Pres\|VerbForm=Fin\|Voice=Act	Fin	Act	\[/V\]\[Sbjv.NDef.3Sg\]	VERB	van	_	_	_	ATT	basic	17-26	_	_	
17-29	3316-3317	a	*	*	*	*	*	*	*	*	*	*	*	*	Art	*	*	*	Definite=Def\|PronType=Art	*	*	\[/Det\|Art.Def\]	DET	a	_	_	_	DET	basic	17-30	_	_	
17-30	3318-3326	szenátus	*	*	Nom	*	*	*	*	*	*	Sing	*	*	*	*	*	*	Case=Nom\|Number=Sing	*	*	\[/N\]\[Nom\]	NOUN	szenátus	_	_	_	ATT	basic	17-31	_	_	
17-31	3327-3333	elnöke	*	*	Nom	*	*	*	*	*	*	Sing	*	*	*	*	*	*	Case=Nom\|Number=Sing\|Number\[psor\]=Sing\|Person\[psor\]=3	*	*	\[/N\]\[Poss.3Sg\]\[Nom\]	NOUN	elnök	_	_	_	SUBJ	basic	17-28	_	_	
17-32	3334-3335	.	_	_	_	_	_	_	_	_	_	_	_	_	_	_	_	_	_	_	_	\[Punct\]	PUNCT	.	_	_	_	PUNCT	basic	17-32	_	_	

#Text=Salvini ezek után arról beszélt , ő jelezte Berlusconinak , hogy ne harcoljon Melonival , hiszen a pártja másfélszer annyi szavazatot kapott , mint a Forza Italia és a Liga együtt .
18-1	3336-3343	Salvini	*	*	Nom	*	*	*	*	*	*	Sing	*	*	*	*	*	*	Case=Nom\|Number=Sing	*	*	\[/N\]\[Nom\]	PROPN	Salvini	_	_	_	SUBJ	basic	18-5	_	_	
18-2	3344-3348	ezek	*	*	Nom	*	*	*	*	*	*	Plur	3	*	Dem	*	*	*	Case=Nom\|Number=Plur\|Person=3\|PronType=Dem	*	*	\[/Det\|Pro\]\[Pl\]\[Nom\]	PRON	ez	_	_	_	ATT	basic	18-3	_	_	
18-3	3349-3353	után	_	_	_	_	_	_	_	_	_	_	_	_	_	_	_	_	_	_	_	\[/Post\]	ADP	után	_	_	_	TLOCY	basic	18-5	_	_	
18-4	3354-3359	arról	*	*	Del	*	*	*	*	*	*	Sing	3	*	Dem	*	*	*	Case=Del\|Number=Sing\|Person=3\|PronType=Dem	*	*	\[/Det\|Pro\]\[Del\]	PRON	az	_	_	_	OBL	basic	18-5	_	_	
18-5	3360-3367	beszélt	*	*	*	*	*	*	Ind	*	*	Sing	3	*	*	*	Past	*	Definite=Ind\|Mood=Ind\|Number=Sing\|Person=3\|Tense=Past\|VerbForm=Fin\|Voice=Act	Fin	Act	\[/V\]\[Pst.NDef.3Sg\]	VERB	beszél	_	_	_	ROOT	basic	18-5	_	_	
18-6	3368-3369	,	_	_	_	_	_	_	_	_	_	_	_	_	_	_	_	_	_	_	_	\[Punct\]	PUNCT	,	_	_	_	PUNCT	basic	18-5	_	_	
18-7	3370-3371	ő	*	*	Nom	*	*	*	*	*	*	Sing	3	*	Prs	*	*	*	Case=Nom\|Number=Sing\|Person=3\|PronType=Prs	*	*	\[/N\|Pro\]\[3Sg\]\[Nom\]	PRON	ő	_	_	_	SUBJ	basic	18-8	_	_	
18-8	3372-3379	jelezte	*	*	*	*	*	*	Ind	*	*	Sing	3	*	*	*	Past	*	Definite=Def\|Mood=Ind\|Number=Sing\|Person=3\|Tense=Past\|VerbForm=Fin\|Voice=Act	Fin	Act	\[/V\]\[Pst.Def.3Sg\]	VERB	jelez	_	_	_	COORD	basic	18-5	_	_	
18-9	3380-3393	Berlusconinak	*	*	Dat	*	*	*	*	*	*	Sing	*	*	*	*	*	*	Case=Dat\|Number=Sing	*	*	\[/N\]\[Dat\]	PROPN	Berlusconi	_	_	_	DAT	basic	18-8	_	_	
18-10	3394-3395	,	_	_	_	_	_	_	_	_	_	_	_	_	_	_	_	_	_	_	_	\[Punct\]	PUNCT	,	_	_	_	PUNCT	basic	18-8	_	_	
18-11	3396-3400	hogy	_	_	_	_	_	_	_	_	_	_	_	_	_	_	_	_	_	_	_	\[/Cnj\]	SCONJ	hogy	_	_	_	CONJ	basic	18-8	_	_	
18-12	3401-3403	ne	*	*	*	*	*	*	*	*	*	*	*	*	Neg	*	*	*	PronType=Neg	*	*	\[/Adv\]	ADV	ne	_	_	_	NEG	basic	18-13	_	_	
18-13	3404-3413	harcoljon	*	*	*	*	*	*	Imp	*	*	Sing	3	*	*	*	Pres	*	Definite=Ind\|Mood=Imp\|Number=Sing\|Person=3\|Tense=Pres\|VerbForm=Fin\|Voice=Act	Fin	Act	\[/V\]\[Sbjv.NDef.3Sg\]	VERB	harcol	_	_	_	ATT	basic	18-11	_	_	
18-14	3414-3423	Melonival	*	*	Ins	*	*	*	*	*	*	Sing	*	*	*	*	*	*	Case=Ins\|Number=Sing	*	*	\[/N\]\[Ins\]	PROPN	Meloni	_	_	_	OBL	basic	18-13	_	_	
18-15	3424-3425	,	_	_	_	_	_	_	_	_	_	_	_	_	_	_	_	_	_	_	_	\[Punct\]	PUNCT	,	_	_	_	PUNCT	basic	18-13	_	_	
18-16	3426-3432	hiszen	_	_	_	_	_	_	_	_	_	_	_	_	_	_	_	_	_	_	_	\[/Cnj\]	CONJ	hiszen	_	_	_	CONJ	basic	18-13	_	_	
18-17	3433-3434	a	*	*	*	*	*	*	*	*	*	*	*	*	Art	*	*	*	Definite=Def\|PronType=Art	*	*	\[/Det\|Art.Def\]	DET	a	_	_	_	DET	basic	18-18	_	_	
18-18	3435-3441	pártja	*	*	Nom	*	*	*	*	*	*	Sing	*	*	*	*	*	*	Case=Nom\|Number=Sing\|Number\[psor\]=Sing\|Person\[psor\]=3	*	*	\[/N\]\[Poss.3Sg\]\[Nom\]	NOUN	párt	_	_	_	SUBJ	basic	18-22	_	_	
18-19	3442-3452	másfélszer	*	*	Nom	*	*	*	*	*	Card	Sing	*	*	*	*	*	*	Case=Nom\|Number=Sing\|NumType=Card	*	*	\[/Num\]\[\_Mlt-Iter/Adv\]	NUM	másfél	_	_	_	ATT	basic	18-21	_	_	
18-20	3453-3458	annyi	*	*	Nom	*	*	*	*	*	*	Sing	3	*	Dem	*	*	*	Case=Nom\|Number=Sing\|Person=3\|PronType=Dem	*	*	\[/Num\|Pro\]\[Nom\]	PRON	annyi	_	_	_	ATT	basic	18-21	_	_	
18-21	3459-3469	szavazatot	*	*	Acc	*	*	*	*	*	*	Sing	*	*	*	*	*	*	Case=Acc\|Number=Sing	*	*	\[/N\]\[Acc\]	NOUN	szavazat	_	_	_	OBJ	basic	18-22	_	_	
18-22	3470-3476	kapott	*	*	*	*	*	*	Ind	*	*	Sing	3	*	*	*	Past	*	Definite=Ind\|Mood=Ind\|Number=Sing\|Person=3\|Tense=Past\|VerbForm=Fin\|Voice=Act	Fin	Act	\[/V\]\[Pst.NDef.3Sg\]	VERB	kap	_	_	_	COORD	basic	18-16	_	_	
18-23	3477-3478	,	_	_	_	_	_	_	_	_	_	_	_	_	_	_	_	_	_	_	_	\[Punct\]	PUNCT	,	_	_	_	PUNCT	basic	18-22	_	_	
18-24	3479-3483	mint	_	_	_	_	_	_	_	_	_	_	_	_	_	_	_	_	_	_	_	\[/Cnj\]	SCONJ	mint	_	_	_	CONJ	basic	18-22	_	_	
18-25	3484-3485	a	*	*	*	*	*	*	*	*	*	*	*	*	Art	*	*	*	Definite=Def\|PronType=Art	*	*	\[/Det\|Art.Def\]	DET	a	_	_	_	DET	basic	18-27	_	_	
18-26	3486-3491	Forza	*	*	Nom	*	*	*	*	*	*	Sing	*	*	*	*	*	*	Case=Nom\|Number=Sing	*	*	\[/N\]\[Nom\]	PROPN	Forza	_	_	_	NE	basic	18-27	_	_	
18-27	3492-3498	Italia	*	*	Nom	*	*	*	*	*	*	Sing	*	*	*	*	*	*	Case=Nom\|Number=Sing	*	*	\[/N\]\[Nom\]	PROPN	Italia	_	_	_	OBL	basic	18-31	_	_	
18-28	3499-3501	és	_	_	_	_	_	_	_	_	_	_	_	_	_	_	_	_	_	_	_	\[/Cnj\]	CONJ	és	_	_	_	CONJ	basic	18-27	_	_	
18-29	3502-3503	a	*	*	*	*	*	*	*	*	*	*	*	*	Art	*	*	*	Definite=Def\|PronType=Art	*	*	\[/Det\|Art.Def\]	DET	a	_	_	_	DET	basic	18-30	_	_	
18-30	3504-3508	Liga	*	*	Nom	*	*	*	*	*	*	Sing	*	*	*	*	*	*	Case=Nom\|Number=Sing	*	*	\[/N\]\[Nom\]	NOUN	liga	_	_	_	COORD	basic	18-28	_	_	
18-31	3509-3515	együtt	_	_	_	_	_	_	_	_	_	_	_	_	_	_	_	_	_	_	_	\[/Adv\]	ADV	együtt	_	_	_	ATT	basic	18-24	_	_	
18-32	3516-3517	.	_	_	_	_	_	_	_	_	_	_	_	_	_	_	_	_	_	_	_	\[Punct\]	PUNCT	.	_	_	_	PUNCT	basic	18-32	_	_	

#Text=Prioritások Az a korábbi feszültségeknek is szólhatott , hogy keddi beszédében Meloni erélyesen kiállt Ukrajna területi integritása mellett , és nem hagyott kétséget afelől , folytatja elődje fősodorbeli politikáját .
19-1	3518-3529	Prioritások	*	*	Nom	*	*	*	*	*	*	Plur	*	*	*	*	*	*	Case=Nom\|Number=Plur	*	*	\[/N\]\[Pl\]\[Nom\]	NOUN	prioritás	_	_	_	SUBJ	basic	19-7	_	_	
19-2	3530-3532	Az	*	*	*	*	*	*	*	*	*	*	*	*	Art	*	*	*	Definite=Def\|PronType=Art	*	*	\[/Det\|Art.Def\]	DET	az	_	_	_	DET	basic	19-11	_	_	
19-3	3533-3534	a	*	*	*	*	*	*	*	*	*	*	*	*	Art	*	*	*	Definite=Def\|PronType=Art	*	*	\[/Det\|Art.Def\]	DET	a	_	_	_	DET	basic	19-5	_	_	
19-4	3535-3542	korábbi	*	*	Nom	*	Pos	*	*	*	*	Sing	*	*	*	*	*	*	Case=Nom\|Degree=Pos\|Number=Sing	*	*	\[/Adj\]\[Nom\]	ADJ	korábbi	_	_	_	ATT	basic	19-5	_	_	
19-5	3543-3558	feszültségeknek	*	*	Dat	*	*	*	*	*	*	Plur	*	*	*	*	*	*	Case=Dat\|Number=Plur	*	*	\[/N\]\[Pl\]\[Dat\]	NOUN	feszültség	_	_	_	DAT	basic	19-7	_	_	
19-6	3559-3561	is	_	_	_	_	_	_	_	_	_	_	_	_	_	_	_	_	_	_	_	\[/Adv\]	ADV	is	_	_	_	MODE	basic	19-5	_	_	
19-7	3562-3572	szólhatott	*	*	*	*	*	*	Pot	*	*	Sing	3	*	*	*	Past	*	Definite=Ind\|Mood=Pot\|Number=Sing\|Person=3\|Tense=Past\|VerbForm=Fin\|Voice=Act	Fin	Act	\[/V\]\[\_Mod/V\]\[Pst.NDef.3Sg\]	VERB	szól	_	_	_	ROOT	basic	19-7	_	_	
19-8	3573-3574	,	_	_	_	_	_	_	_	_	_	_	_	_	_	_	_	_	_	_	_	\[Punct\]	PUNCT	,	_	_	_	PUNCT	basic	19-7	_	_	
19-9	3575-3579	hogy	_	_	_	_	_	_	_	_	_	_	_	_	_	_	_	_	_	_	_	\[/Cnj\]	SCONJ	hogy	_	_	_	CONJ	basic	19-7	_	_	
19-10	3580-3585	keddi	*	*	Nom	*	Pos	*	*	*	*	Sing	*	*	*	*	*	*	Case=Nom\|Degree=Pos\|Number=Sing	*	*	\[/Adj\]\[Nom\]	ADJ	keddi	_	_	_	ATT	basic	19-11	_	_	
19-11	3586-3596	beszédében	*	*	Ine	*	*	*	*	*	*	Sing	*	*	*	*	*	*	Case=Ine\|Number=Sing\|Number\[psor\]=Sing\|Person\[psor\]=3	*	*	\[/N\]\[Poss.3Sg\]\[Ine\]	NOUN	beszéd	_	_	_	OBL	basic	19-14	_	_	
19-12	3597-3603	Meloni	*	*	Nom	*	*	*	*	*	*	Sing	*	*	*	*	*	*	Case=Nom\|Number=Sing	*	*	\[/N\]\[Nom\]	PROPN	Meloni	_	_	_	SUBJ	basic	19-14	_	_	
19-13	3604-3613	erélyesen	*	*	Ess	*	Pos	*	*	*	*	Sing	*	*	*	*	*	*	Case=Ess\|Degree=Pos\|Number=Sing	*	*	\[/Adj\]\[\_Manner/Adv\]	ADJ	erélyes	_	_	_	MODE	basic	19-14	_	_	
19-14	3614-3620	kiállt	*	*	*	*	*	*	Ind	*	*	Sing	3	*	*	*	Past	*	Definite=Ind\|Mood=Ind\|Number=Sing\|Person=3\|Tense=Past\|VerbForm=Fin\|Voice=Act	Fin	Act	\[/V\]\[Pst.NDef.3Sg\]	VERB	kiáll	_	_	_	ATT	basic	19-9	_	_	
19-15	3621-3628	Ukrajna	*	*	Nom	*	*	*	*	*	*	Sing	*	*	*	*	*	*	Case=Nom\|Number=Sing	*	*	\[/N\]\[Nom\]	PROPN	Ukrajna	_	_	_	ATT	basic	19-17	_	_	
19-16	3629-3637	területi	*	*	Nom	*	Pos	*	*	*	*	Sing	*	*	*	*	*	*	Case=Nom\|Degree=Pos\|Number=Sing	*	*	\[/Adj\]\[Nom\]	ADJ	területi	_	_	_	ATT	basic	19-17	_	_	
19-17	3638-3649	integritása	*	*	Nom	*	*	*	*	*	*	Sing	*	*	*	*	*	*	Case=Nom\|Number=Sing\|Number\[psor\]=Sing\|Person\[psor\]=3	*	*	\[/N\]\[Poss.3Sg\]\[Nom\]	NOUN	integritás	_	_	_	ATT	basic	19-18	_	_	
19-18	3650-3657	mellett	_	_	_	_	_	_	_	_	_	_	_	_	_	_	_	_	_	_	_	\[/Post\]	ADP	mellett	_	_	_	MODE	basic	19-14	_	_	
19-19	3658-3659	,	_	_	_	_	_	_	_	_	_	_	_	_	_	_	_	_	_	_	_	\[Punct\]	PUNCT	,	_	_	_	PUNCT	basic	19-14	_	_	
19-20	3660-3662	és	_	_	_	_	_	_	_	_	_	_	_	_	_	_	_	_	_	_	_	\[/Cnj\]	CONJ	és	_	_	_	CONJ	basic	19-14	_	_	
19-21	3663-3666	nem	*	*	*	*	*	*	*	*	*	*	*	*	Neg	*	*	*	PronType=Neg	*	*	\[/Adv\]	ADV	nem	_	_	_	NEG	basic	19-22	_	_	
19-22	3667-3674	hagyott	*	*	*	*	*	*	Ind	*	*	Sing	3	*	*	*	Past	*	Definite=Ind\|Mood=Ind\|Number=Sing\|Person=3\|Tense=Past\|VerbForm=Fin\|Voice=Act	Fin	Act	\[/V\]\[Pst.NDef.3Sg\]	VERB	hagy	_	_	_	COORD	basic	19-20	_	_	
19-23	3675-3683	kétséget	*	*	Acc	*	*	*	*	*	*	Sing	*	*	*	*	*	*	Case=Acc\|Number=Sing	*	*	\[/N\]\[Acc\]	NOUN	kétség	_	_	_	OBJ	basic	19-22	_	_	
19-24	3684-3690	afelől	*	*	Nom	*	*	*	*	*	*	Sing	3	*	Prs	*	*	*	Case=Nom\|Number=Sing\|Person=3\|PronType=Prs	*	*	\[/Adv\|Pro\]	PRON	afelől	_	_	_	SUBJ	basic	19-22	_	_	
19-25	3691-3692	,	_	_	_	_	_	_	_	_	_	_	_	_	_	_	_	_	_	_	_	\[Punct\]	PUNCT	,	_	_	_	PUNCT	basic	19-22	_	_	
19-26	3693-3702	folytatja	*	*	*	*	*	*	Ind	*	*	Sing	3	*	*	*	Pres	*	Definite=Def\|Mood=Ind\|Number=Sing\|Person=3\|Tense=Pres\|VerbForm=Fin\|Voice=Act	Fin	Act	\[/V\]\[Prs.Def.3Sg\]	VERB	folytat	_	_	_	COORD	basic	19-22	_	_	
19-27	3703-3709	elődje	*	*	Nom	*	*	*	*	*	*	Sing	*	*	*	*	*	*	Case=Nom\|Number=Sing\|Number\[psor\]=Sing\|Person\[psor\]=3	*	*	\[/N\]\[Poss.3Sg\]\[Nom\]	NOUN	előd	_	_	_	ATT	basic	19-29	_	_	
19-28	3710-3721	fősodorbeli	*	*	Nom	*	Pos	*	*	*	*	Sing	*	*	*	*	*	*	Case=Nom\|Degree=Pos\|Number=Sing	*	*	\[/Adj\]\[Nom\]	ADJ	fősodorbeli	_	_	_	ATT	basic	19-29	_	_	
19-29	3722-3733	politikáját	*	*	Acc	*	*	*	*	*	*	Sing	*	*	*	*	*	*	Case=Acc\|Number=Sing\|Number\[psor\]=Sing\|Person\[psor\]=3	*	*	\[/N\]\[Poss.3Sg\]\[Acc\]	NOUN	politika	_	_	_	OBJ	basic	19-26	_	_	
19-30	3734-3735	.	_	_	_	_	_	_	_	_	_	_	_	_	_	_	_	_	_	_	_	\[Punct\]	PUNCT	.	_	_	_	PUNCT	basic	19-30	_	_	

#Text=„ Tévednek azok , akik azt hiszik , hogy Ukrajna szabadságát el lehet cserélni a mi nyugalmunkért ” , mondta , hozzátéve : „ ha engednénk Putyin zsarolásának az energiával kapcsolatban , az nem oldaná meg a problémát , hanem súlyosbítaná azt. ” Ezzel a véleményével pedig markánsan ellentmondott a szankciók eltörléséért lobbizó , amúgy Meloninak lelkesen gratuláló Orbán Viktornak , aki szoros szövetségesnek tekinti az új olasz kormányfőt .
20-1	3736-3737	„	_	_	_	_	_	_	_	_	_	_	_	_	_	_	_	_	_	_	_	\[Punct\]	PUNCT	„	_	_	_	PUNCT	basic	20-2	_	_	
20-2	3738-3746	Tévednek	*	*	*	*	*	*	Ind	*	*	Plur	3	*	*	*	Pres	*	Definite=Ind\|Mood=Ind\|Number=Plur\|Person=3\|Tense=Pres\|VerbForm=Fin\|Voice=Act	Fin	Act	\[/V\]\[Prs.NDef.3Pl\]	VERB	téved	_	_	_	ATT	basic	20-20	_	_	
20-3	3747-3751	azok	*	*	Nom	*	*	*	*	*	*	Plur	3	*	Dem	*	*	*	Case=Nom\|Number=Plur\|Person=3\|PronType=Dem	*	*	\[/Det\|Pro\]\[Pl\]\[Nom\]	PRON	az	_	_	_	SUBJ	basic	20-2	_	_	
20-4	3752-3753	,	_	_	_	_	_	_	_	_	_	_	_	_	_	_	_	_	_	_	_	\[Punct\]	PUNCT	,	_	_	_	PUNCT	basic	20-2	_	_	
20-5	3754-3758	akik	*	*	Nom	*	*	*	*	*	*	Plur	3	*	Rel	*	*	*	Case=Nom\|Number=Plur\|Person=3\|PronType=Rel	*	*	\[/N\|Pro\|Rel\]\[Pl\]\[Nom\]	PRON	aki	_	_	_	SUBJ	basic	20-7	_	_	
20-6	3759-3762	azt	*	*	Acc	*	*	*	*	*	*	Sing	3	*	Dem	*	*	*	Case=Acc\|Number=Sing\|Person=3\|PronType=Dem	*	*	\[/Det\|Pro\]\[Acc\]	PRON	az	_	_	_	OBJ	basic	20-7	_	_	
20-7	3763-3769	hiszik	*	*	*	*	*	*	Ind	*	*	Plur	3	*	*	*	Pres	*	Definite=Def\|Mood=Ind\|Number=Plur\|Person=3\|Tense=Pres\|VerbForm=Fin\|Voice=Act	Fin	Act	\[/V\]\[Prs.Def.3Pl\]	VERB	hisz	_	_	_	ATT	basic	20-2	_	_	
20-8	3770-3771	,	_	_	_	_	_	_	_	_	_	_	_	_	_	_	_	_	_	_	_	\[Punct\]	PUNCT	,	_	_	_	PUNCT	basic	20-7	_	_	
20-9	3772-3776	hogy	_	_	_	_	_	_	_	_	_	_	_	_	_	_	_	_	_	_	_	\[/Cnj\]	SCONJ	hogy	_	_	_	CONJ	basic	20-7	_	_	
20-10	3777-3784	Ukrajna	*	*	Nom	*	*	*	*	*	*	Sing	*	*	*	*	*	*	Case=Nom\|Number=Sing	*	*	\[/N\]\[Nom\]	PROPN	Ukrajna	_	_	_	ATT	basic	20-11	_	_	
20-11	3785-3796	szabadságát	*	*	Acc	*	*	*	*	*	*	Sing	*	*	*	*	*	*	Case=Acc\|Number=Sing\|Number\[psor\]=Sing\|Person\[psor\]=3	*	*	\[/N\]\[Poss.3Sg\]\[Acc\]	NOUN	szabadság	_	_	_	OBJ	basic	20-14	_	_	
20-12	3797-3799	el	_	_	_	_	_	_	_	_	_	_	_	_	_	_	_	_	_	_	_	\[/Prev\]	ADV	el	_	_	_	PREVERB	basic	20-14	_	_	
20-13	3800-3805	lehet	*	*	*	*	*	*	Pot	*	*	Sing	3	*	*	*	Pres	*	Definite=Ind\|Mood=Pot\|Number=Sing\|Person=3\|Tense=Pres\|VerbForm=Fin\|Voice=Act	Fin	Act	\[/V\]\[\_Mod/V\]\[Prs.NDef.3Sg\]	VERB	van	_	_	_	ATT	basic	20-9	_	_	
20-14	3806-3814	cserélni	*	*	*	*	*	*	*	*	*	*	*	*	*	*	*	*	VerbForm=Inf\|Voice=Act	Inf	Act	\[/V\]\[Inf\]	VERB	cserél	_	_	_	INF	basic	20-13	_	_	
20-15	3815-3816	a	*	*	*	*	*	*	*	*	*	*	*	*	Art	*	*	*	Definite=Def\|PronType=Art	*	*	\[/Det\|Art.Def\]	DET	a	_	_	_	DET	basic	20-17	_	_	
20-16	3817-3819	mi	*	*	Nom	*	*	*	*	*	*	Plur	1	*	Prs	*	*	*	Case=Nom\|Number=Plur\|Person=1\|PronType=Prs	*	*	\[/N\|Pro\]\[1Pl\]\[Nom\]	PRON	mi	_	_	_	ATT	basic	20-17	_	_	
20-17	3820-3833	nyugalmunkért	*	*	Cau	*	*	*	*	*	*	Sing	*	*	*	*	*	*	Case=Cau\|Number=Sing\|Number\[psor\]=Plur\|Person\[psor\]=1	*	*	\[/N\]\[Poss.1Pl\]\[Cau\]	NOUN	nyugalom	_	_	_	OBL	basic	20-14	_	_	
20-18	3834-3835	”	_	_	_	_	_	_	_	_	_	_	_	_	_	_	_	_	_	_	_	\[Punct\]	PUNCT	”	_	_	_	PUNCT	basic	20-13	_	_	
20-19	3836-3837	,	_	_	_	_	_	_	_	_	_	_	_	_	_	_	_	_	_	_	_	\[Punct\]	PUNCT	,	_	_	_	PUNCT	basic	20-13	_	_	
20-20	3838-3844	mondta	*	*	*	*	*	*	Ind	*	*	Sing	3	*	*	*	Past	*	Definite=Def\|Mood=Ind\|Number=Sing\|Person=3\|Tense=Past\|VerbForm=Fin\|Voice=Act	Fin	Act	\[/V\]\[Pst.Def.3Sg\]	VERB	mond	_	_	_	ROOT	basic	20-20	_	_	
20-21	3845-3846	,	_	_	_	_	_	_	_	_	_	_	_	_	_	_	_	_	_	_	_	\[Punct\]	PUNCT	,	_	_	_	PUNCT	basic	20-20	_	_	
20-22	3847-3856	hozzátéve	*	*	*	*	*	*	*	*	*	*	*	*	*	*	*	*	VerbForm=Trans	Trans	*	\[/V\]\[\_AdvPtcp/Adv\]	ADV	hozzátesz	_	_	_	MODE	basic	20-20	_	_	
20-23	3857-3858	:	_	_	_	_	_	_	_	_	_	_	_	_	_	_	_	_	_	_	_	\[Punct\]	PUNCT	:	_	_	_	PUNCT	basic	20-20	_	_	
20-24	3859-3860	„	_	_	_	_	_	_	_	_	_	_	_	_	_	_	_	_	_	_	_	\[Punct\]	PUNCT	„	_	_	_	PUNCT	basic	20-35	_	_	
20-25	3861-3863	ha	_	_	_	_	_	_	_	_	_	_	_	_	_	_	_	_	_	_	_	\[/Cnj\]	SCONJ	ha	_	_	_	CONJ	basic	20-35	_	_	
20-26	3864-3873	engednénk	*	*	*	*	*	*	Cnd	*	*	Plur	1	*	*	*	Pres	*	Definite=Ind\|Mood=Cnd\|Number=Plur\|Person=1\|Tense=Pres\|VerbForm=Fin\|Voice=Act	Fin	Act	\[/V\]\[Cond.NDef.1Pl\]	VERB	enged	_	_	_	ATT	basic	20-25	_	_	
20-27	3874-3880	Putyin	*	*	Nom	*	*	*	*	*	*	Sing	*	*	*	*	*	*	Case=Nom\|Number=Sing	*	*	\[/N\]\[Nom\]	PROPN	Putyin	_	_	_	ATT	basic	20-28	_	_	
20-28	3881-3893	zsarolásának	*	*	Dat	*	*	*	*	*	*	Sing	*	*	*	*	*	*	Case=Dat\|Number=Sing\|Number\[psor\]=Sing\|Person\[psor\]=3	*	*	\[/N\]\[Poss.3Sg\]\[Dat\]	NOUN	zsarolás	_	_	_	DAT	basic	20-26	_	_	
20-29	3894-3896	az	*	*	*	*	*	*	*	*	*	*	*	*	Art	*	*	*	Definite=Def\|PronType=Art	*	*	\[/Det\|Art.Def\]	DET	az	_	_	_	DET	basic	20-30	_	_	
20-30	3897-3907	energiával	*	*	Ins	*	*	*	*	*	*	Sing	*	*	*	*	*	*	Case=Ins\|Number=Sing	*	*	\[/N\]\[Ins\]	NOUN	energia	_	_	_	OBL	basic	20-31	_	_	
20-31	3908-3920	kapcsolatban	*	*	Ine	*	*	*	*	*	*	Sing	*	*	*	*	*	*	Case=Ine\|Number=Sing	*	*	\[/N\]\[Ine\]	NOUN	kapcsolat	_	_	_	OBL	basic	20-26	_	_	
20-32	3921-3922	,	_	_	_	_	_	_	_	_	_	_	_	_	_	_	_	_	_	_	_	\[Punct\]	PUNCT	,	_	_	_	PUNCT	basic	20-26	_	_	
20-33	3923-3925	az	*	*	Nom	*	*	*	*	*	*	Sing	3	*	Dem	*	*	*	Case=Nom\|Number=Sing\|Person=3\|PronType=Dem	*	*	\[/Det\|Pro\]\[Nom\]	PRON	az	_	_	_	SUBJ	basic	20-35	_	_	
20-34	3926-3929	nem	*	*	*	*	*	*	*	*	*	*	*	*	Neg	*	*	*	PronType=Neg	*	*	\[/Adv\]	ADV	nem	_	_	_	NEG	basic	20-35	_	_	
20-35	3930-3936	oldaná	*	*	*	*	*	*	Cnd	*	*	Sing	3	*	*	*	Pres	*	Definite=Def\|Mood=Cnd\|Number=Sing\|Person=3\|Tense=Pres\|VerbForm=Fin\|Voice=Act	Fin	Act	\[/V\]\[Cond.Def.3Sg\]	VERB	old	_	_	_	ATT	basic	20-20	_	_	
20-36	3937-3940	meg	_	_	_	_	_	_	_	_	_	_	_	_	_	_	_	_	_	_	_	\[/Prev\]	PART	meg	_	_	_	PREVERB	basic	20-35	_	_	
20-37	3941-3942	a	*	*	*	*	*	*	*	*	*	*	*	*	Art	*	*	*	Definite=Def\|PronType=Art	*	*	\[/Det\|Art.Def\]	DET	a	_	_	_	DET	basic	20-38	_	_	
20-38	3943-3952	problémát	*	*	Acc	*	*	*	*	*	*	Sing	*	*	*	*	*	*	Case=Acc\|Number=Sing	*	*	\[/N\]\[Acc\]	NOUN	probléma	_	_	_	OBJ	basic	20-35	_	_	
20-39	3953-3954	,	_	_	_	_	_	_	_	_	_	_	_	_	_	_	_	_	_	_	_	\[Punct\]	PUNCT	,	_	_	_	PUNCT	basic	20-35	_	_	
20-40	3955-3960	hanem	_	_	_	_	_	_	_	_	_	_	_	_	_	_	_	_	_	_	_	\[/Cnj\]	CONJ	hanem	_	_	_	CONJ	basic	20-35	_	_	
20-41	3961-3973	súlyosbítaná	*	*	*	*	*	*	Cnd	*	*	Sing	3	*	*	*	Pres	*	Definite=Def\|Mood=Cnd\|Number=Sing\|Person=3\|Tense=Pres\|VerbForm=Fin\|Voice=Act	Fin	Act	\[/V\]\[Cond.Def.3Sg\]	VERB	súlyosbít	_	_	_	COORD	basic	20-40	_	_	
20-42	3974-3978	azt.	*	*	Acc	*	*	*	*	*	*	Sing	3	*	Dem	*	*	*	Case=Acc\|Number=Sing\|Person=3\|PronType=Dem	*	*	\[/N\|Pro\]\[Acc\]\[Punct\]	PRON	az	_	_	_	OBJ	basic	20-41	_	_	
20-43	3979-3980	”	_	_	_	_	_	_	_	_	_	_	_	_	_	_	_	_	_	_	_	\[Punct\]	PUNCT	”	_	_	_	PUNCT	basic	20-41	_	_	
20-44	3981-3986	Ezzel	*	*	Ins	*	*	*	*	*	*	Sing	3	*	Dem	*	*	*	Case=Ins\|Number=Sing\|Person=3\|PronType=Dem	*	*	\[/Det\|Pro\]\[Ins\]	PRON	ez	_	_	_	OBL	basic	20-46	_	_	
20-45	3987-3988	a	*	*	*	*	*	*	*	*	*	*	*	*	Art	*	*	*	Definite=Def\|PronType=Art	*	*	\[/Det\|Art.Def\]	DET	a	_	_	_	DET	basic	20-46	_	_	
20-46	3989-4001	véleményével	*	*	Ins	*	*	*	*	*	*	Sing	*	*	*	*	*	*	Case=Ins\|Number=Sing\|Number\[psor\]=Sing\|Person\[psor\]=3	*	*	\[/N\]\[Poss.3Sg\]\[Ins\]	NOUN	vélemény	_	_	_	OBL	basic	20-49	_	_	
20-47	4002-4007	pedig	_	_	_	_	_	_	_	_	_	_	_	_	_	_	_	_	_	_	_	\[/Cnj\]	CONJ	pedig	_	_	_	CONJ	basic	20-49	_	_	
20-48	4008-4017	markánsan	*	*	Ess	*	Pos	*	*	*	*	Sing	*	*	*	*	*	*	Case=Ess\|Degree=Pos\|Number=Sing	*	*	\[/Adj\]\[\_Manner/Adv\]	ADJ	markáns	_	_	_	MODE	basic	20-49	_	_	
20-49	4018-4031	ellentmondott	*	*	*	*	*	*	Ind	*	*	Sing	3	*	*	*	Past	*	Definite=Ind\|Mood=Ind\|Number=Sing\|Person=3\|Tense=Past\|VerbForm=Fin\|Voice=Act	Fin	Act	\[/V\]\[Pst.NDef.3Sg\]	VERB	ellentmond	_	_	_	ATT	basic	20-41	_	_	
20-50	4032-4033	a	*	*	*	*	*	*	*	*	*	*	*	*	Art	*	*	*	Definite=Def\|PronType=Art	*	*	\[/Det\|Art.Def\]	DET	a	_	_	_	DET	basic	20-51	_	_	
20-51	4034-4043	szankciók	*	*	Nom	*	*	*	*	*	*	Plur	*	*	*	*	*	*	Case=Nom\|Number=Plur	*	*	\[/N\]\[Pl\]\[Nom\]	NOUN	szankció	_	_	_	ATT	basic	20-52	_	_	
20-52	4044-4056	eltörléséért	*	*	Cau	*	*	*	*	*	*	Sing	*	*	*	*	*	*	Case=Cau\|Number=Sing\|Number\[psor\]=Sing\|Person\[psor\]=3	*	*	\[/N\]\[Poss.3Sg\]\[Cau\]	NOUN	eltörlés	_	_	_	OBL	basic	20-53	_	_	
20-53	4057-4064	lobbizó	*	*	Nom	*	Pos	*	*	*	*	Sing	*	*	*	*	*	*	Case=Nom\|Degree=Pos\|Number=Sing	*	*	\[/Adj\]\[Nom\]	ADJ	lobbizó	_	_	_	ATT	basic	20-60	_	_	
20-54	4065-4066	,	_	_	_	_	_	_	_	_	_	_	_	_	_	_	_	_	_	_	_	\[Punct\]	PUNCT	,	_	_	_	PUNCT	basic	20-60	_	_	
20-55	4067-4072	amúgy	*	*	Nom	*	*	*	*	*	*	Sing	3	*	Prs	*	*	*	Case=Nom\|Number=Sing\|Person=3\|PronType=Prs	*	*	\[/Adv\|Pro\]	PRON	amúgy	_	_	_	MODE	basic	20-58	_	_	
20-56	4073-4082	Meloninak	*	*	Nom	*	*	*	*	*	*	Sing	*	*	*	*	*	*	Case=Nom\|Number=Sing	*	*	\[/N\]\[Nom\]	PROPN	Meloninak	_	_	_	ATT	basic	20-58	_	_	
20-57	4083-4091	lelkesen	*	*	Ess	*	Pos	*	*	*	*	Sing	*	*	*	*	*	*	Case=Ess\|Degree=Pos\|Number=Sing	*	*	\[/Adj\]\[\_Manner/Adv\]	ADJ	lelkes	_	_	_	MODE	basic	20-58	_	_	
20-58	4092-4101	gratuláló	*	*	Nom	*	Pos	*	*	*	*	Sing	*	*	*	*	*	*	Case=Nom\|Degree=Pos\|Number=Sing	*	*	\[/Adj\]\[Nom\]	ADJ	gratuláló	_	_	_	ATT	basic	20-60	_	_	
20-59	4102-4107	Orbán	*	*	Nom	*	*	*	*	*	*	Sing	*	*	*	*	*	*	Case=Nom\|Number=Sing	*	*	\[/N\]\[Nom\]	PROPN	Orbán	_	_	_	NE	basic	20-60	_	_	
20-60	4108-4117	Viktornak	*	*	Dat	*	*	*	*	*	*	Sing	*	*	*	*	*	*	Case=Dat\|Number=Sing	*	*	\[/N\]\[Dat\]	PROPN	Viktor	_	_	_	DAT	basic	20-49	_	_	
20-61	4118-4119	,	_	_	_	_	_	_	_	_	_	_	_	_	_	_	_	_	_	_	_	\[Punct\]	PUNCT	,	_	_	_	PUNCT	basic	20-49	_	_	
20-62	4120-4123	aki	*	*	Nom	*	*	*	*	*	*	Sing	3	*	Rel	*	*	*	Case=Nom\|Number=Sing\|Person=3\|PronType=Rel	*	*	\[/N\|Pro\|Rel\]\[Nom\]	PRON	aki	_	_	_	SUBJ	basic	20-65	_	_	
20-63	4124-4130	szoros	*	*	Nom	*	Pos	*	*	*	*	Sing	*	*	*	*	*	*	Case=Nom\|Degree=Pos\|Number=Sing	*	*	\[/Adj\]\[Nom\]	ADJ	szoros	_	_	_	ATT	basic	20-64	_	_	
20-64	4131-4145	szövetségesnek	*	*	Dat	*	Pos	*	*	*	*	Sing	*	*	*	*	*	*	Case=Dat\|Degree=Pos\|Number=Sing	*	*	\[/Adj\]\[Dat\]	ADJ	szövetséges	_	_	_	DAT	basic	20-65	_	_	
20-65	4146-4153	tekinti	*	*	*	*	*	*	Ind	*	*	Sing	3	*	*	*	Pres	*	Definite=Def\|Mood=Ind\|Number=Sing\|Person=3\|Tense=Pres\|VerbForm=Fin\|Voice=Act	Fin	Act	\[/V\]\[Prs.Def.3Sg\]	VERB	tekint	_	_	_	ATT	basic	20-49	_	_	
20-66	4154-4156	az	*	*	*	*	*	*	*	*	*	*	*	*	Art	*	*	*	Definite=Def\|PronType=Art	*	*	\[/Det\|Art.Def\]	DET	az	_	_	_	DET	basic	20-69	_	_	
20-67	4157-4159	új	*	*	Nom	*	Pos	*	*	*	*	Sing	*	*	*	*	*	*	Case=Nom\|Degree=Pos\|Number=Sing	*	*	\[/Adj\]\[Nom\]	ADJ	új	_	_	_	ATT	basic	20-69	_	_	
20-68	4160-4165	olasz	*	*	Nom	*	Pos	*	*	*	*	Sing	*	*	*	*	*	*	Case=Nom\|Degree=Pos\|Number=Sing	*	*	\[/Adj\]\[Nom\]	ADJ	olasz	_	_	_	ATT	basic	20-69	_	_	
20-69	4166-4176	kormányfőt	*	*	Acc	*	*	*	*	*	*	Sing	*	*	*	*	*	*	Case=Acc\|Number=Sing	*	*	\[/N\]\[Acc\]	NOUN	kormányfő	_	_	_	OBJ	basic	20-65	_	_	
20-70	4177-4178	.	_	_	_	_	_	_	_	_	_	_	_	_	_	_	_	_	_	_	_	\[Punct\]	PUNCT	.	_	_	_	PUNCT	basic	20-70	_	_	

#Text=Az is különbség , hogy Meloni az olasz felsőház szerdai ülésén arról is beszélt , hogy a békét Ukrajna támogatásának folytatásával lehet elérni , lehetővé téve számára a védekezést .
21-1	4179-4181	Az	*	*	Nom	*	*	*	*	*	*	Sing	3	*	Dem	*	*	*	Case=Nom\|Number=Sing\|Person=3\|PronType=Dem	*	*	\[/Det\|Pro\]\[Nom\]	PRON	az	_	_	_	SUBJ	basic	21-3	_	_	
21-2	4182-4184	is	_	_	_	_	_	_	_	_	_	_	_	_	_	_	_	_	_	_	_	\[/Adv\]	ADV	is	_	_	_	MODE	basic	21-1	_	_	
21-3	4185-4194	különbség	*	*	Nom	*	*	*	*	*	*	Sing	*	*	*	*	*	*	Case=Nom\|Number=Sing	*	*	\[/N\]\[Nom\]	NOUN	különbség	_	_	_	ROOT	basic	21-3	_	_	
21-4	4195-4196	,	_	_	_	_	_	_	_	_	_	_	_	_	_	_	_	_	_	_	_	\[Punct\]	PUNCT	,	_	_	_	PUNCT	basic	21-3	_	_	
21-5	4197-4201	hogy	_	_	_	_	_	_	_	_	_	_	_	_	_	_	_	_	_	_	_	\[/Cnj\]	SCONJ	hogy	_	_	_	CONJ	basic	21-3	_	_	
21-6	4202-4208	Meloni	*	*	Nom	*	*	*	*	*	*	Sing	*	*	*	*	*	*	Case=Nom\|Number=Sing	*	*	\[/N\]\[Nom\]	PROPN	Meloni	_	_	_	SUBJ	basic	21-14	_	_	
21-7	4209-4211	az	*	*	*	*	*	*	*	*	*	*	*	*	Art	*	*	*	Definite=Def\|PronType=Art	*	*	\[/Det\|Art.Def\]	DET	az	_	_	_	DET	basic	21-9	_	_	
21-8	4212-4217	olasz	*	*	Nom	*	Pos	*	*	*	*	Sing	*	*	*	*	*	*	Case=Nom\|Degree=Pos\|Number=Sing	*	*	\[/Adj\]\[Nom\]	ADJ	olasz	_	_	_	ATT	basic	21-9	_	_	
21-9	4218-4226	felsőház	*	*	Nom	*	*	*	*	*	*	Sing	*	*	*	*	*	*	Case=Nom\|Number=Sing	*	*	\[/N\]\[Nom\]	NOUN	felsőház	_	_	_	ATT	basic	21-11	_	_	
21-10	4227-4234	szerdai	*	*	Nom	*	Pos	*	*	*	*	Sing	*	*	*	*	*	*	Case=Nom\|Degree=Pos\|Number=Sing	*	*	\[/Adj\]\[Nom\]	ADJ	szerdai	_	_	_	ATT	basic	21-11	_	_	
21-11	4235-4241	ülésén	*	*	Sup	*	*	*	*	*	*	Sing	*	*	*	*	*	*	Case=Sup\|Number=Sing\|Number\[psor\]=Sing\|Person\[psor\]=3	*	*	\[/N\]\[Poss.3Sg\]\[Supe\]	NOUN	ülés	_	_	_	OBL	basic	21-14	_	_	
21-12	4242-4247	arról	*	*	Del	*	*	*	*	*	*	Sing	3	*	Dem	*	*	*	Case=Del\|Number=Sing\|Person=3\|PronType=Dem	*	*	\[/Det\|Pro\]\[Del\]	PRON	az	_	_	_	OBL	basic	21-14	_	_	
21-13	4248-4250	is	_	_	_	_	_	_	_	_	_	_	_	_	_	_	_	_	_	_	_	\[/Adv\]	ADV	is	_	_	_	MODE	basic	21-14	_	_	
21-14	4251-4258	beszélt	*	*	*	*	*	*	Ind	*	*	Sing	3	*	*	*	Past	*	Definite=Ind\|Mood=Ind\|Number=Sing\|Person=3\|Tense=Past\|VerbForm=Fin\|Voice=Act	Fin	Act	\[/V\]\[Pst.NDef.3Sg\]	VERB	beszél	_	_	_	ATT	basic	21-5	_	_	
21-15	4259-4260	,	_	_	_	_	_	_	_	_	_	_	_	_	_	_	_	_	_	_	_	\[Punct\]	PUNCT	,	_	_	_	PUNCT	basic	21-14	_	_	
21-16	4261-4265	hogy	_	_	_	_	_	_	_	_	_	_	_	_	_	_	_	_	_	_	_	\[/Cnj\]	SCONJ	hogy	_	_	_	CONJ	basic	21-14	_	_	
21-17	4266-4267	a	*	*	*	*	*	*	*	*	*	*	*	*	Art	*	*	*	Definite=Def\|PronType=Art	*	*	\[/Det\|Art.Def\]	DET	a	_	_	_	DET	basic	21-18	_	_	
21-18	4268-4273	békét	*	*	Acc	*	*	*	*	*	*	Sing	*	*	*	*	*	*	Case=Acc\|Number=Sing	*	*	\[/N\]\[Acc\]	NOUN	béke	_	_	_	OBJ	basic	21-23	_	_	
21-19	4274-4281	Ukrajna	*	*	Nom	*	*	*	*	*	*	Sing	*	*	*	*	*	*	Case=Nom\|Number=Sing	*	*	\[/N\]\[Nom\]	PROPN	Ukrajna	_	_	_	ATT	basic	21-20	_	_	
21-20	4282-4295	támogatásának	*	*	Dat	*	*	*	*	*	*	Sing	*	*	*	*	*	*	Case=Dat\|Number=Sing\|Number\[psor\]=Sing\|Person\[psor\]=3	*	*	\[/N\]\[Poss.3Sg\]\[Dat\]	NOUN	támogatás	_	_	_	ATT	basic	21-21	_	_	
21-21	4296-4309	folytatásával	*	*	Ins	*	*	*	*	*	*	Sing	*	*	*	*	*	*	Case=Ins\|Number=Sing\|Number\[psor\]=Sing\|Person\[psor\]=3	*	*	\[/N\]\[Poss.3Sg\]\[Ins\]	NOUN	folytatás	_	_	_	OBL	basic	21-23	_	_	
21-22	4310-4315	lehet	*	*	*	*	*	*	Pot	*	*	Sing	3	*	*	*	Pres	*	Definite=Ind\|Mood=Pot\|Number=Sing\|Person=3\|Tense=Pres\|VerbForm=Fin\|Voice=Act	Fin	Act	\[/V\]\[\_Mod/V\]\[Prs.NDef.3Sg\]	VERB	van	_	_	_	ATT	basic	21-16	_	_	
21-23	4316-4322	elérni	*	*	*	*	*	*	*	*	*	*	*	*	*	*	*	*	VerbForm=Inf\|Voice=Act	Inf	Act	\[/V\]\[Inf\]	VERB	elér	_	_	_	INF	basic	21-22	_	_	
21-24	4323-4324	,	_	_	_	_	_	_	_	_	_	_	_	_	_	_	_	_	_	_	_	\[Punct\]	PUNCT	,	_	_	_	PUNCT	basic	21-22	_	_	
21-25	4325-4333	lehetővé	*	*	Tra	*	Pos	*	*	*	*	Sing	*	*	*	*	*	*	Case=Tra\|Degree=Pos\|Number=Sing	*	*	\[/Adj\]\[Transl\]	ADJ	lehető	_	_	_	OBL	basic	21-26	_	_	
21-26	4334-4338	téve	*	*	*	*	*	*	*	*	*	*	*	*	*	*	*	*	VerbForm=Trans	Trans	*	\[/V\]\[\_AdvPtcp/Adv\]	ADV	tesz	_	_	_	ATT	basic	21-27	_	_	
21-27	4339-4346	számára	_	_	_	_	_	_	_	_	_	_	_	_	_	_	_	_	_	_	_	\[/Post\|(Poss)\]\[Poss.3Sg\]	ADP	számára	Pmet	Ukrajna	PRW	MODE	basic	21-23	_	_	
21-28	4347-4348	a	*	*	*	*	*	*	*	*	*	*	*	*	Art	*	*	*	Definite=Def\|PronType=Art	*	*	\[/Det\|Art.Def\]	DET	a	_	_	_	DET	basic	21-29	_	_	
21-29	4349-4359	védekezést	*	*	Acc	*	*	*	*	*	*	Sing	*	*	*	*	*	*	Case=Acc\|Number=Sing	*	*	\[/N\]\[Acc\]	NOUN	védekezés	Pmet	Ukrajna	PRW	OBJ	basic	21-23	_	_	
21-30	4360-4361	.	_	_	_	_	_	_	_	_	_	_	_	_	_	_	_	_	_	_	_	\[Punct\]	PUNCT	.	_	_	_	PUNCT	basic	21-30	_	_	

#Text=A látszólag erősen Nyugat- és NATO-barát irány egyébiránt azokat a vezetőket is megnyugtathatja , akik aggódva figyelik az európai kormányok Nagy-Britanniától Bulgáriáig terjedő instabilitását .
22-1	4362-4363	A	*	*	*	*	*	*	*	*	*	*	*	*	Art	*	*	*	Definite=Def\|PronType=Art	*	*	\[/Det\|Art.Def\]	DET	a	_	_	_	DET	basic	22-7	_	_	
22-2	4364-4373	látszólag	_	_	_	_	_	_	_	_	_	_	_	_	_	_	_	_	_	_	_	\[/Adv\]	ADV	látszólag	_	_	_	MODE	basic	22-3	_	_	
22-3	4374-4380	erősen	*	*	Ess	*	Pos	*	*	*	*	Sing	*	*	*	*	*	*	Case=Ess\|Degree=Pos\|Number=Sing	*	*	\[/Adj\]\[\_Manner/Adv\]	ADJ	erős	_	_	_	ATT	basic	22-4	_	_	
22-4	4381-4388	Nyugat-	*	*	Nom	*	*	*	*	*	*	Sing	*	*	*	*	*	*	Case=Nom\|Number=Sing	*	*	\[/N\]\[Nom\]	PROPN	Nyugat-	Pnov[2]	*[14]	PRW[14]	ATT	basic	22-7	_	_	
22-5	4389-4391	és	_	_	_	_	_	_	_	_	_	_	_	_	_	_	_	_	_	_	_	\[/Cnj\]	CONJ	és	Pnov[2]	*[14]	PRW[14]	CONJ	basic	22-4	_	_	
22-6	4392-4402	NATO-barát	*	*	Nom	*	*	*	*	*	*	Sing	*	*	*	*	*	*	Case=Nom\|Number=Sing	*	*	\[/N\]\[Nom\]	ADJ	NATO-barát	Pnov[2]	*[14]	PRW[14]	COORD	basic	22-5	_	_	
22-7	4403-4408	irány	*	*	Nom	*	*	*	*	*	*	Sing	*	*	*	*	*	*	Case=Nom\|Number=Sing	*	*	\[/N\]\[Nom\]	NOUN	irány	_	*[15]|*[16]	PRA[15]|PRA[16]	SUBJ	basic	22-13	tr|tr	22-4[14_15]|22-13[0_16]	
22-8	4409-4419	egyébiránt	_	_	_	_	_	_	_	_	_	_	_	_	_	_	_	_	_	_	_	\[/Adv\]	ADV	egyébiránt	_	_	_	MODE	basic	22-13	_	_	
22-9	4420-4426	azokat	*	*	Acc	*	*	*	*	*	*	Plur	3	*	Dem	*	*	*	Case=Acc\|Number=Plur\|Person=3\|PronType=Dem	*	*	\[/Det\|Pro\]\[Pl\]\[Acc\]	PRON	az	_	_	_	OBJ	basic	22-11	_	_	
22-10	4427-4428	a	*	*	*	*	*	*	*	*	*	*	*	*	Art	*	*	*	Definite=Def\|PronType=Art	*	*	\[/Det\|Art.Def\]	DET	a	_	_	_	DET	basic	22-11	_	_	
22-11	4429-4438	vezetőket	*	*	Acc	*	*	*	*	*	*	Plur	*	*	*	*	*	*	Case=Acc\|Number=Plur	*	*	\[/N\]\[Pl\]\[Acc\]	NOUN	vezető	_	*	PRA	OBJ	basic	22-13	lm	22-13	
22-12	4439-4441	is	_	_	_	_	_	_	_	_	_	_	_	_	_	_	_	_	_	_	_	\[/Adv\]	ADV	is	_	_	_	MODE	basic	22-13	_	_	
22-13	4442-4457	megnyugtathatja	*	*	*	*	*	*	Pot	*	*	Sing	3	*	*	*	Pres	*	Definite=Def\|Mood=Pot\|Number=Sing\|Person=3\|Tense=Pres\|VerbForm=Fin\|Voice=Act	Fin	Act	\[/V\]\[\_Mod/V\]\[Prs.Def.3Sg\]	VERB	megnyugtat	Pnov	*	PRW	ROOT	basic	22-13	_	_	
22-14	4458-4459	,	_	_	_	_	_	_	_	_	_	_	_	_	_	_	_	_	_	_	_	\[Punct\]	PUNCT	,	_	_	_	PUNCT	basic	22-13	_	_	
22-15	4460-4464	akik	*	*	Nom	*	*	*	*	*	*	Plur	3	*	Rel	*	*	*	Case=Nom\|Number=Plur\|Person=3\|PronType=Rel	*	*	\[/N\|Pro\|Rel\]\[Pl\]\[Nom\]	PRON	aki	_	_	_	SUBJ	basic	22-17	_	_	
22-16	4465-4472	aggódva	*	*	*	*	*	*	*	*	*	*	*	*	*	*	*	*	VerbForm=Trans	Trans	*	\[/V\]\[\_AdvPtcp/Adv\]	ADV	aggódik	_	_	_	MODE	basic	22-17	_	_	
22-17	4473-4481	figyelik	*	*	*	*	*	*	Ind	*	*	Plur	3	*	*	*	Pres	*	Definite=Def\|Mood=Ind\|Number=Plur\|Person=3\|Tense=Pres\|VerbForm=Fin\|Voice=Act	Fin	Act	\[/V\]\[Prs.Def.3Pl\]	VERB	figyel	_	_	_	ATT	basic	22-13	_	_	
22-18	4482-4484	az	*	*	*	*	*	*	*	*	*	*	*	*	Art	*	*	*	Definite=Def\|PronType=Art	*	*	\[/Det\|Art.Def\]	DET	az	_	_	_	DET	basic	22-20	_	_	
22-19	4485-4492	európai	*	*	Nom	*	Pos	*	*	*	*	Sing	*	*	*	*	*	*	Case=Nom\|Degree=Pos\|Number=Sing	*	*	\[/Adj\]\[Nom\]	ADJ	európai	_	_	_	ATT	basic	22-20	_	_	
22-20	4493-4502	kormányok	*	*	Nom	*	*	*	*	*	*	Plur	*	*	*	*	*	*	Case=Nom\|Number=Plur	*	*	\[/N\]\[Pl\]\[Nom\]	NOUN	kormány	_	_	_	ATT	basic	22-24	_	_	
22-21	4503-4520	Nagy-Britanniától	*	*	Abl	*	*	*	*	*	*	Sing	*	*	*	*	*	*	Case=Abl\|Number=Sing	*	*	\[/N\]\[Abl\]	PROPN	Nagy-Britannia	_	_	_	OBL	basic	22-23	_	_	
22-22	4521-4531	Bulgáriáig	*	*	Ter	*	*	*	*	*	*	Sing	*	*	*	*	*	*	Case=Ter\|Number=Sing	*	*	\[/N\]\[Ter\]	PROPN	Bulgária	_	_	_	OBL	basic	22-23	_	_	
22-23	4532-4539	terjedő	*	*	Nom	*	Pos	*	*	*	*	Sing	*	*	*	*	*	*	Case=Nom\|Degree=Pos\|Number=Sing	*	*	\[/Adj\]\[Nom\]	ADJ	terjedő	_	_	_	ATT	basic	22-24	_	_	
22-24	4540-4554	instabilitását	*	*	Acc	*	*	*	*	*	*	Sing	*	*	*	*	*	*	Case=Acc\|Number=Sing\|Number\[psor\]=Sing\|Person\[psor\]=3	*	*	\[/N\]\[Poss.3Sg\]\[Acc\]	NOUN	instabilitás	_	_	_	OBJ	basic	22-17	_	_	
22-25	4555-4556	.	_	_	_	_	_	_	_	_	_	_	_	_	_	_	_	_	_	_	_	\[Punct\]	PUNCT	.	_	_	_	PUNCT	basic	22-25	_	_	

#Text=Meloni beszéde több másik sarkalatos pontot is tartalmazott .
23-1	4557-4563	Meloni	*	*	Nom	*	*	*	*	*	*	Sing	*	*	*	*	*	*	Case=Nom\|Number=Sing	*	*	\[/N\]\[Nom\]	PROPN	Meloni	_	_	_	ATT	basic	23-2	_	_	
23-2	4564-4571	beszéde	*	*	Nom	*	*	*	*	*	*	Sing	*	*	*	*	*	*	Case=Nom\|Number=Sing\|Number\[psor\]=Sing\|Person\[psor\]=3	*	*	\[/N\]\[Poss.3Sg\]\[Nom\]	NOUN	beszéd	_	_	_	SUBJ	basic	23-8	_	_	
23-3	4572-4576	több	*	*	Nom	*	*	*	*	*	Card	Sing	*	*	*	*	*	*	Case=Nom\|Number=Sing\|NumType=Card	*	*	\[/Num\]\[\_Comp/Num\]\[Nom\]	NUM	sok	_	_	_	ATT	basic	23-6	_	_	
23-4	4577-4582	másik	*	*	Nom	*	Pos	*	*	*	*	Sing	*	*	*	*	*	*	Case=Nom\|Degree=Pos\|Number=Sing	*	*	\[/Adj\|Pro\]\[Nom\]	ADJ	másik	_	_	_	ATT	basic	23-6	_	_	
23-5	4583-4593	sarkalatos	*	*	Nom	*	Pos	*	*	*	*	Sing	*	*	*	*	*	*	Case=Nom\|Degree=Pos\|Number=Sing	*	*	\[/Adj\]\[Nom\]	ADJ	sarkalatos	_	_	_	ATT	basic	23-6	_	_	
23-6	4594-4600	pontot	*	*	Acc	*	*	*	*	*	*	Sing	*	*	*	*	*	*	Case=Acc\|Number=Sing	*	*	\[/N\]\[Acc\]	NOUN	pont	_	_	_	OBJ	basic	23-8	_	_	
23-7	4601-4603	is	_	_	_	_	_	_	_	_	_	_	_	_	_	_	_	_	_	_	_	\[/Adv\]	ADV	is	_	_	_	MODE	basic	23-6	_	_	
23-8	4604-4616	tartalmazott	*	*	*	*	*	*	Ind	*	*	Sing	3	*	*	*	Past	*	Definite=Ind\|Mood=Ind\|Number=Sing\|Person=3\|Tense=Past\|VerbForm=Fin\|Voice=Act	Fin	Act	\[/V\]\[Pst.NDef.3Sg\]	VERB	tartalmaz	_	_	_	ROOT	basic	23-8	_	_	
23-9	4617-4618	.	_	_	_	_	_	_	_	_	_	_	_	_	_	_	_	_	_	_	_	\[Punct\]	PUNCT	.	_	_	_	PUNCT	basic	23-9	_	_	

#Text=Finom odaszólások mellett megerősítette például Olaszország uniós elkötelezettségét .
24-1	4619-4624	Finom	*	*	Nom	*	Pos	*	*	*	*	Sing	*	*	*	*	*	*	Case=Nom\|Degree=Pos\|Number=Sing	*	*	\[/Adj\]\[Nom\]	ADJ	finom	_	_	_	ATT	basic	24-2	_	_	
24-2	4625-4636	odaszólások	*	*	Nom	*	*	*	*	*	*	Plur	*	*	*	*	*	*	Case=Nom\|Number=Plur	*	*	\[/N\]\[Pl\]\[Nom\]	NOUN	odaszólás	_	_	_	ATT	basic	24-3	_	_	
24-3	4637-4644	mellett	_	_	_	_	_	_	_	_	_	_	_	_	_	_	_	_	_	_	_	\[/Post\]	ADP	mellett	_	_	_	MODE	basic	24-4	_	_	
24-4	4645-4658	megerősítette	*	*	*	*	*	*	Ind	*	*	Sing	3	*	*	*	Past	*	Definite=Def\|Mood=Ind\|Number=Sing\|Person=3\|Tense=Past\|VerbForm=Fin\|Voice=Act	Fin	Act	\[/V\]\[Pst.Def.3Sg\]	VERB	megerősít	_	_	_	ROOT	basic	24-4	_	_	
24-5	4659-4666	például	_	_	_	_	_	_	_	_	_	_	_	_	_	_	_	_	_	_	_	\[/Adv\]	ADV	például	_	_	_	MODE	basic	24-4	_	_	
24-6	4667-4678	Olaszország	*	*	Nom	*	*	*	*	*	*	Sing	*	*	*	*	*	*	Case=Nom\|Number=Sing	*	*	\[/N\]\[Nom\]	PROPN	Olaszország	_	*	PRA	ATT	basic	24-8	tr	24-8	
24-7	4679-4684	uniós	*	*	Nom	*	Pos	*	*	*	*	Sing	*	*	*	*	*	*	Case=Nom\|Degree=Pos\|Number=Sing	*	*	\[/Adj\]\[Nom\]	ADJ	uniós	_	_	_	ATT	basic	24-8	_	_	
24-8	4685-4702	elkötelezettségét	*	*	Acc	*	*	*	*	*	*	Sing	*	*	*	*	*	*	Case=Acc\|Number=Sing\|Number\[psor\]=Sing\|Person\[psor\]=3	*	*	\[/N\]\[Poss.3Sg\]\[Acc\]	NOUN	elkötelezettség	Pmet	*	PRW	OBJ	basic	24-4	_	_	
24-9	4703-4704	.	_	_	_	_	_	_	_	_	_	_	_	_	_	_	_	_	_	_	_	\[Punct\]	PUNCT	.	_	_	_	PUNCT	basic	24-9	_	_	

#Text=Azt mondta , hogy a koalíciója nem akarja lelassítani vagy szabotálni az európai integrációt .
25-1	4705-4708	Azt	*	*	Acc	*	*	*	*	*	*	Sing	3	*	Dem	*	*	*	Case=Acc\|Number=Sing\|Person=3\|PronType=Dem	*	*	\[/Det\|Pro\]\[Acc\]	PRON	az	_	_	_	OBJ	basic	25-2	_	_	
25-2	4709-4715	mondta	*	*	*	*	*	*	Ind	*	*	Sing	3	*	*	*	Past	*	Definite=Def\|Mood=Ind\|Number=Sing\|Person=3\|Tense=Past\|VerbForm=Fin\|Voice=Act	Fin	Act	\[/V\]\[Pst.Def.3Sg\]	VERB	mond	_	_	_	ROOT	basic	25-2	_	_	
25-3	4716-4717	,	_	_	_	_	_	_	_	_	_	_	_	_	_	_	_	_	_	_	_	\[Punct\]	PUNCT	,	_	_	_	PUNCT	basic	25-2	_	_	
25-4	4718-4722	hogy	_	_	_	_	_	_	_	_	_	_	_	_	_	_	_	_	_	_	_	\[/Cnj\]	SCONJ	hogy	_	_	_	CONJ	basic	25-2	_	_	
25-5	4723-4724	a	*	*	*	*	*	*	*	*	*	*	*	*	Art	*	*	*	Definite=Def\|PronType=Art	*	*	\[/Det\|Art.Def\]	DET	a	_	_	_	DET	basic	25-6	_	_	
25-6	4725-4735	koalíciója	*	*	Nom	*	*	*	*	*	*	Sing	*	*	*	*	*	*	Case=Nom\|Number=Sing\|Number\[psor\]=Sing\|Person\[psor\]=3	*	*	\[/N\]\[Poss.3Sg\]\[Nom\]	NOUN	koalíció	_	*[17]|*[18]|*[19]	PRA[17]|PRA[18]|PRA[19]	SUBJ	basic	25-8	tr|tr|tr	25-8[0_17]|25-9[21_18]|25-11[23_19]	
25-7	4736-4739	nem	*	*	*	*	*	*	*	*	*	*	*	*	Neg	*	*	*	PronType=Neg	*	*	\[/Adv\]	ADV	nem	_	_	_	NEG	basic	25-8	_	_	
25-8	4740-4746	akarja	*	*	*	*	*	*	Ind	*	*	Sing	3	*	*	*	Pres	*	Definite=Def\|Mood=Ind\|Number=Sing\|Person=3\|Tense=Pres\|VerbForm=Fin\|Voice=Act	Fin	Act	\[/V\]\[Prs.Def.3Sg\]	VERB	akar	Pmet	*	PRW	ATT	basic	25-4	_	_	
25-9	4747-4758	lelassítani	*	*	*	*	*	*	*	*	*	*	*	*	*	*	*	*	VerbForm=Inf\|Voice=Act	Inf	Act	\[/V\]\[Inf\]	VERB	lelassít	Pmet	*[20]|*[21]	PRA[20]|PRW[21]	INF	basic	25-8	lm	25-8[0_20]	
25-10	4759-4763	vagy	_	_	_	_	_	_	_	_	_	_	_	_	_	_	_	_	_	_	_	\[/Cnj\]	CONJ	vagy	_	_	_	CONJ	basic	25-9	_	_	
25-11	4764-4774	szabotálni	*	*	*	*	*	*	*	*	*	*	*	*	*	*	*	*	VerbForm=Inf\|Voice=Act	Inf	Act	\[/V\]\[Inf\]	VERB	szabotál	Pmet	*[22]|*[23]	PRA[22]|PRW[23]	COORD	basic	25-10	lm	25-8[0_22]	
25-12	4775-4777	az	*	*	*	*	*	*	*	*	*	*	*	*	Art	*	*	*	Definite=Def\|PronType=Art	*	*	\[/Det\|Art.Def\]	DET	az	_	_	_	DET	basic	25-14	_	_	
25-13	4778-4785	európai	*	*	Nom	*	Pos	*	*	*	*	Sing	*	*	*	*	*	*	Case=Nom\|Degree=Pos\|Number=Sing	*	*	\[/Adj\]\[Nom\]	ADJ	európai	_	_	_	ATT	basic	25-14	_	_	
25-14	4786-4797	integrációt	*	*	Acc	*	*	*	*	*	*	Sing	*	*	*	*	*	*	Case=Acc\|Number=Sing	*	*	\[/N\]\[Acc\]	NOUN	integráció	_	*[24]|*[25]	PRA[24]|PRA[25]	OBJ	basic	25-9	lm|lm	25-9[21_24]|25-11[23_25]	
25-15	4798-4799	.	_	_	_	_	_	_	_	_	_	_	_	_	_	_	_	_	_	_	_	\[Punct\]	PUNCT	.	_	_	_	PUNCT	basic	25-15	_	_	

#Text=De hatékonyabbá akarja tenni a válságokra adott reakciót , és azt is kiemelte , hogy Európa nem lehet egy elitklub első- és másodosztályú tagokkal .
26-1	4800-4802	De	_	_	_	_	_	_	_	_	_	_	_	_	_	_	_	_	_	_	_	\[/Cnj\]	CONJ	de	_	_	_	CONJ	basic	26-3	_	_	
26-2	4803-4815	hatékonyabbá	*	*	Tra	*	Cmp	*	*	*	*	Sing	*	*	*	*	*	*	Case=Tra\|Degree=Cmp\|Number=Sing	*	*	\[/Adj\]\[\_Comp/Adj\]\[Transl\]	ADJ	hatékony	_	*	PRA	OBL	basic	26-4	*|lm	26-4[27_0]|26-4[27_0]	
26-3	4816-4822	akarja	*	*	*	*	*	*	Ind	*	*	Sing	3	*	*	*	Pres	*	Definite=Def\|Mood=Ind\|Number=Sing\|Person=3\|Tense=Pres\|VerbForm=Fin\|Voice=Act	Fin	Act	\[/V\]\[Prs.Def.3Sg\]	VERB	akar	Pmet	koalíció	PRW	ROOT	basic	26-3	_	_	
26-4	4823-4828	tenni	*	*	*	*	*	*	*	*	*	*	*	*	*	*	*	*	VerbForm=Inf\|Voice=Act	Inf	Act	\[/V\]\[Inf\]	VERB	tesz	Pmet	*[26]|koalíció[27]	PRA[26]|PRW[27]	INF	basic	26-3	lm	26-3[0_26]	
26-5	4829-4830	a	*	*	*	*	*	*	*	*	*	*	*	*	Art	*	*	*	Definite=Def\|PronType=Art	*	*	\[/Det\|Art.Def\]	DET	a	_	_	_	DET	basic	26-6	_	_	
26-6	4831-4841	válságokra	*	*	Sub	*	*	*	*	*	*	Plur	*	*	*	*	*	*	Case=Sub\|Number=Plur	*	*	\[/N\]\[Pl\]\[Subl\]	NOUN	válság	_	_	_	OBL	basic	26-7	_	_	
26-7	4842-4847	adott	*	*	Nom	*	Pos	*	*	*	*	Sing	*	*	*	*	*	*	Case=Nom\|Degree=Pos\|Number=Sing	*	*	\[/Adj\]\[Nom\]	ADJ	adott	_	_	_	ATT	basic	26-8	_	_	
26-8	4848-4856	reakciót	*	*	Acc	*	*	*	*	*	*	Sing	*	*	*	*	*	*	Case=Acc\|Number=Sing	*	*	\[/N\]\[Acc\]	NOUN	reakció	_	*	PRA	OBJ	basic	26-4	lm	26-4[27_0]	
26-9	4857-4858	,	_	_	_	_	_	_	_	_	_	_	_	_	_	_	_	_	_	_	_	\[Punct\]	PUNCT	,	_	_	_	PUNCT	basic	26-3	_	_	
26-10	4859-4861	és	_	_	_	_	_	_	_	_	_	_	_	_	_	_	_	_	_	_	_	\[/Cnj\]	CONJ	és	_	_	_	CONJ	basic	26-3	_	_	
26-11	4862-4865	azt	*	*	Acc	*	*	*	*	*	*	Sing	3	*	Dem	*	*	*	Case=Acc\|Number=Sing\|Person=3\|PronType=Dem	*	*	\[/Det\|Pro\]\[Acc\]	PRON	az	_	_	_	OBJ	basic	26-13	_	_	
26-12	4866-4868	is	_	_	_	_	_	_	_	_	_	_	_	_	_	_	_	_	_	_	_	\[/Adv\]	ADV	is	_	_	_	MODE	basic	26-13	_	_	
26-13	4869-4877	kiemelte	*	*	*	*	*	*	Ind	*	*	Sing	3	*	*	*	Past	*	Definite=Def\|Mood=Ind\|Number=Sing\|Person=3\|Tense=Past\|VerbForm=Fin\|Voice=Act	Fin	Act	\[/V\]\[Pst.Def.3Sg\]	VERB	kiemel	_	_	_	COORD	basic	26-10	_	_	
26-14	4878-4879	,	_	_	_	_	_	_	_	_	_	_	_	_	_	_	_	_	_	_	_	\[Punct\]	PUNCT	,	_	_	_	PUNCT	basic	26-13	_	_	
26-15	4880-4884	hogy	_	_	_	_	_	_	_	_	_	_	_	_	_	_	_	_	_	_	_	\[/Cnj\]	SCONJ	hogy	_	_	_	CONJ	basic	26-13	_	_	
26-16	4885-4891	Európa	*	*	Nom	*	*	*	*	*	*	Sing	*	*	*	*	*	*	Case=Nom\|Number=Sing	*	*	\[/N\]\[Nom\]	PROPN	Európa	_	*	PRA	SUBJ	basic	26-18	tr	26-20	
26-17	4892-4895	nem	*	*	*	*	*	*	*	*	*	*	*	*	Neg	*	*	*	PronType=Neg	*	*	\[/Adv\]	ADV	nem	_	_	_	NEG	basic	26-18	_	_	
26-18	4896-4901	lehet	*	*	*	*	*	*	Pot	*	*	Sing	3	*	*	*	Pres	*	Definite=Ind\|Mood=Pot\|Number=Sing\|Person=3\|Tense=Pres\|VerbForm=Fin\|Voice=Act	Fin	Act	\[/V\]\[\_Mod/V\]\[Prs.NDef.3Sg\]	VERB	van	_	_	_	ATT	basic	26-15	_	_	
26-19	4902-4905	egy	*	*	*	*	*	*	*	*	*	*	*	*	Art	*	*	*	Definite=Ind\|PronType=Art	*	*	\[/Det\|Art.NDef\]	DET	egy	_	_	_	DET	basic	26-20	_	_	
26-20	4906-4914	elitklub	*	*	Nom	*	*	*	*	*	*	Sing	*	*	*	*	*	*	Case=Nom\|Number=Sing	*	*	\[/N\]\[Nom\]	NOUN	elitklub	Pnov	*	PRW	SUBJ	basic	26-18	_	_	
26-21	4915-4920	első-	*	*	Nom	*	Pos	*	*	*	*	Sing	*	*	*	*	*	*	Case=Nom\|Degree=Pos\|Number=Sing	*	*	\[/Adj\]\[Nom\]\[Hyph:Hyph\]	ADJ	első	_	_	_	ATT	basic	26-24	_	_	
26-22	4921-4923	és	_	_	_	_	_	_	_	_	_	_	_	_	_	_	_	_	_	_	_	\[/Cnj\]	CONJ	és	_	_	_	CONJ	basic	26-21	_	_	
26-23	4924-4937	másodosztályú	*	*	Nom	*	Pos	*	*	*	*	Sing	*	*	*	*	*	*	Case=Nom\|Degree=Pos\|Number=Sing	*	*	\[/Adj\]\[Nom\]	ADJ	másodosztályú	_	_	_	COORD	basic	26-22	_	_	
26-24	4938-4946	tagokkal	*	*	Ins	*	*	*	*	*	*	Plur	*	*	*	*	*	*	Case=Ins\|Number=Plur	*	*	\[/N\]\[Pl\]\[Ins\]	NOUN	tag	Pnov	*	PRW	OBL	basic	26-18	_	_	
26-25	4947-4948	.	_	_	_	_	_	_	_	_	_	_	_	_	_	_	_	_	_	_	_	\[Punct\]	PUNCT	.	_	_	_	PUNCT	basic	26-25	_	_	

#Text=„ Azok , akik kérdéseket vetnek fel , nem ellenségek vagy eretnekek , hanem pragmatikusak , akik nem félnek kimondani , ha valami nem működik ” – jelentette ki .
27-1	4949-4950	„	_	_	_	_	_	_	_	_	_	_	_	_	_	_	_	_	_	_	_	\[Punct\]	PUNCT	„	_	_	_	ATT	basic	27-27	_	_	
27-2	4951-4955	Azok	*	*	Nom	*	*	*	*	*	*	Plur	3	*	Dem	*	*	*	Case=Nom\|Number=Plur\|Person=3\|PronType=Dem	*	*	\[/Det\|Pro\]\[Pl\]\[Nom\]	PRON	az	_	_	_	ATT	basic	27-1	_	_	
27-3	4956-4957	,	_	_	_	_	_	_	_	_	_	_	_	_	_	_	_	_	_	_	_	\[Punct\]	PUNCT	,	_	_	_	PUNCT	basic	27-2	_	_	
27-4	4958-4962	akik	*	*	Nom	*	*	*	*	*	*	Plur	3	*	Rel	*	*	*	Case=Nom\|Number=Plur\|Person=3\|PronType=Rel	*	*	\[/N\|Pro\|Rel\]\[Pl\]\[Nom\]	PRON	aki	_	_	_	SUBJ	basic	27-6	_	_	
27-5	4963-4973	kérdéseket	*	*	Acc	*	*	*	*	*	*	Plur	*	*	*	*	*	*	Case=Acc\|Number=Plur	*	*	\[/N\]\[Pl\]\[Acc\]	NOUN	kérdés	_	_	_	OBJ	basic	27-6	_	_	
27-6	4974-4980	vetnek	*	*	*	*	*	*	Ind	*	*	Plur	3	*	*	*	Pres	*	Definite=Ind\|Mood=Ind\|Number=Plur\|Person=3\|Tense=Pres\|VerbForm=Fin\|Voice=Act	Fin	Act	\[/V\]\[Prs.NDef.3Pl\]	VERB	vet	_	_	_	ATT	basic	27-2	_	_	
27-7	4981-4984	fel	_	_	_	_	_	_	_	_	_	_	_	_	_	_	_	_	_	_	_	\[/Prev\]	ADV	fel	_	_	_	TO	basic	27-6	_	_	
27-8	4985-4986	,	_	_	_	_	_	_	_	_	_	_	_	_	_	_	_	_	_	_	_	\[Punct\]	PUNCT	,	_	_	_	PUNCT	basic	27-6	_	_	
27-9	4987-4990	nem	*	*	*	*	*	*	*	*	*	*	*	*	Neg	*	*	*	PronType=Neg	*	*	\[/Adv\]	ADV	nem	_	_	_	NEG	basic	27-10	_	_	
27-10	4991-5001	ellenségek	*	*	Nom	*	*	*	*	*	*	Plur	*	*	*	*	*	*	Case=Nom\|Number=Plur	*	*	\[/N\]\[Pl\]\[Nom\]	NOUN	ellenség	_	_	_	COORD	basic	27-6	_	_	
27-11	5002-5006	vagy	_	_	_	_	_	_	_	_	_	_	_	_	_	_	_	_	_	_	_	\[/Cnj\]	CONJ	vagy	_	_	_	CONJ	basic	27-10	_	_	
27-12	5007-5016	eretnekek	*	*	Nom	*	*	*	*	*	*	Plur	*	*	*	*	*	*	Case=Nom\|Number=Plur	*	*	\[/N\]\[Pl\]\[Nom\]	NOUN	eretnek	_	_	_	COORD	basic	27-11	_	_	
27-13	5017-5018	,	_	_	_	_	_	_	_	_	_	_	_	_	_	_	_	_	_	_	_	\[Punct\]	PUNCT	,	_	_	_	PUNCT	basic	27-10	_	_	
27-14	5019-5024	hanem	_	_	_	_	_	_	_	_	_	_	_	_	_	_	_	_	_	_	_	\[/Cnj\]	CONJ	hanem	_	_	_	CONJ	basic	27-10	_	_	
27-15	5025-5038	pragmatikusak	*	*	Nom	*	Pos	*	*	*	*	Plur	*	*	*	*	*	*	Case=Nom\|Degree=Pos\|Number=Plur	*	*	\[/Adj\]\[Pl\]\[Nom\]	ADJ	pragmatikus	_	_	_	COORD	basic	27-14	_	_	
27-16	5039-5040	,	_	_	_	_	_	_	_	_	_	_	_	_	_	_	_	_	_	_	_	\[Punct\]	PUNCT	,	_	_	_	PUNCT	basic	27-10	_	_	
27-17	5041-5045	akik	*	*	Nom	*	*	*	*	*	*	Plur	3	*	Rel	*	*	*	Case=Nom\|Number=Plur\|Person=3\|PronType=Rel	*	*	\[/N\|Pro\|Rel\]\[Pl\]\[Nom\]	PRON	aki	_	_	_	SUBJ	basic	27-19	_	_	
27-18	5046-5049	nem	*	*	*	*	*	*	*	*	*	*	*	*	Neg	*	*	*	PronType=Neg	*	*	\[/Adv\]	ADV	nem	_	_	_	NEG	basic	27-19	_	_	
27-19	5050-5056	félnek	*	*	*	*	*	*	Ind	*	*	Plur	3	*	*	*	Pres	*	Definite=Ind\|Mood=Ind\|Number=Plur\|Person=3\|Tense=Pres\|VerbForm=Fin\|Voice=Act	Fin	Act	\[/V\]\[Prs.NDef.3Pl\]	VERB	fél	_	_	_	ATT	basic	27-10	_	_	
27-20	5057-5066	kimondani	*	*	*	*	*	*	*	*	*	*	*	*	*	*	*	*	VerbForm=Inf\|Voice=Act	Inf	Act	\[/V\]\[Inf\]	VERB	kimond	_	_	_	INF	basic	27-19	_	_	
27-21	5067-5068	,	_	_	_	_	_	_	_	_	_	_	_	_	_	_	_	_	_	_	_	\[Punct\]	PUNCT	,	_	_	_	PUNCT	basic	27-19	_	_	
27-22	5069-5071	ha	_	_	_	_	_	_	_	_	_	_	_	_	_	_	_	_	_	_	_	\[/Cnj\]	SCONJ	ha	_	_	_	CONJ	basic	27-19	_	_	
27-23	5072-5078	valami	*	*	Nom	*	*	*	*	*	*	Sing	3	*	Ind	*	*	*	Case=Nom\|Number=Sing\|Person=3\|PronType=Ind	*	*	\[/N\|Pro\]\[Nom\]	PRON	valami	_	_	_	SUBJ	basic	27-25	_	_	
27-24	5079-5082	nem	*	*	*	*	*	*	*	*	*	*	*	*	Neg	*	*	*	PronType=Neg	*	*	\[/Adv\]	ADV	nem	_	_	_	NEG	basic	27-25	_	_	
27-25	5083-5090	működik	*	*	*	*	*	*	Ind	*	*	Sing	3	*	*	*	Pres	*	Definite=Ind\|Mood=Ind\|Number=Sing\|Person=3\|Tense=Pres\|VerbForm=Fin\|Voice=Act	Fin	Act	\[/V\]\[Prs.NDef.3Sg\]	VERB	működik	_	_	_	ATT	basic	27-22	_	_	
27-26	5091-5092	”	_	_	_	_	_	_	_	_	_	_	_	_	_	_	_	_	_	_	_	\[Punct\]	PUNCT	”	_	_	_	PUNCT	basic	27-25	_	_	
27-27	5093-5094	–	_	_	_	_	_	_	_	_	_	_	_	_	_	_	_	_	_	_	_	\[Hyph:Dash\]	X	–	_	_	_	ATT	basic	27-28	_	_	
27-28	5095-5105	jelentette	*	*	*	*	*	*	Ind	*	*	Sing	3	*	*	*	Past	*	Definite=Def\|Mood=Ind\|Number=Sing\|Person=3\|Tense=Past\|VerbForm=Fin\|Voice=Act	Fin	Act	\[/V\]\[Pst.Def.3Sg\]	VERB	jelent	_	_	_	ROOT	basic	27-28	_	_	
27-29	5106-5108	ki	_	_	_	_	_	_	_	_	_	_	_	_	_	_	_	_	_	_	_	\[/Prev\]	ADV	ki	_	_	_	MODE	basic	27-28	_	_	
27-30	5109-5110	.	_	_	_	_	_	_	_	_	_	_	_	_	_	_	_	_	_	_	_	\[Punct\]	PUNCT	.	_	_	_	PUNCT	basic	27-30	_	_	

#Text=Az új kormányfő emellett mereven elutasította országának fasiszta múltját .
28-1	5111-5113	Az	*	*	*	*	*	*	*	*	*	*	*	*	Art	*	*	*	Definite=Def\|PronType=Art	*	*	\[/Det\|Art.Def\]	DET	az	_	_	_	DET	basic	28-3	_	_	
28-2	5114-5116	új	*	*	Nom	*	Pos	*	*	*	*	Sing	*	*	*	*	*	*	Case=Nom\|Degree=Pos\|Number=Sing	*	*	\[/Adj\]\[Nom\]	ADJ	új	_	_	_	ATT	basic	28-3	_	_	
28-3	5117-5126	kormányfő	*	*	Nom	*	*	*	*	*	*	Sing	*	*	*	*	*	*	Case=Nom\|Number=Sing	*	*	\[/N\]\[Nom\]	NOUN	kormányfő	_	_	_	SUBJ	basic	28-6	_	_	
28-4	5127-5135	emellett	*	*	Nom	*	*	*	*	*	*	Sing	3	*	Prs	*	*	*	Case=Nom\|Number=Sing\|Person=3\|PronType=Prs	*	*	\[/Adv\|Pro\]	PRON	emellett	_	_	_	MODE	basic	28-5	_	_	
28-5	5136-5143	mereven	*	*	Ess	*	Pos	*	*	*	*	Sing	*	*	*	*	*	*	Case=Ess\|Degree=Pos\|Number=Sing	*	*	\[/Adj\]\[\_Manner/Adv\]	ADJ	merev	_	_	_	MODE	basic	28-6	_	_	
28-6	5144-5156	elutasította	*	*	*	*	*	*	Ind	*	*	Sing	3	*	*	*	Past	*	Definite=Def\|Mood=Ind\|Number=Sing\|Person=3\|Tense=Past\|VerbForm=Fin\|Voice=Act	Fin	Act	\[/V\]\[Pst.Def.3Sg\]	VERB	elutasít	_	_	_	ROOT	basic	28-6	_	_	
28-7	5157-5167	országának	*	*	Dat	*	*	*	*	*	*	Sing	*	*	*	*	*	*	Case=Dat\|Number=Sing\|Number\[psor\]=Sing\|Person\[psor\]=3	*	*	\[/N\]\[Poss.3Sg\]\[Dat\]	NOUN	ország	_	_	_	DAT	basic	28-6	_	_	
28-8	5168-5176	fasiszta	*	*	Nom	*	Pos	*	*	*	*	Sing	*	*	*	*	*	*	Case=Nom\|Degree=Pos\|Number=Sing	*	*	\[/Adj\]\[Nom\]	ADJ	fasiszta	_	_	_	ATT	basic	28-9	_	_	
28-9	5177-5184	múltját	*	*	Acc	*	*	*	*	*	*	Sing	*	*	*	*	*	*	Case=Acc\|Number=Sing\|Number\[psor\]=Sing\|Person\[psor\]=3	*	*	\[/N\]\[Poss.3Sg\]\[Acc\]	NOUN	múlt	_	_	_	OBJ	basic	28-6	_	_	
28-10	5185-5186	.	_	_	_	_	_	_	_	_	_	_	_	_	_	_	_	_	_	_	_	\[Punct\]	PUNCT	.	_	_	_	PUNCT	basic	28-10	_	_	

#Text=Azt állította , Benito Mussolini olasz diktátor 1938-as faji törvényei „ Olaszország legsötétebb pillanatai voltak ” , majd kijelentette , hogy „ soha nem szimpatizáltam az antidemokratikus rezsimekkel , beleértve a fasizmust is. ” Korábban nagy visszhangot váltott ki az a videó , amin Meloni még 19 évesen arról beszélt , hogy Mussolini szerinte jó politikus volt .
29-1	5187-5190	Azt	*	*	Acc	*	*	*	*	*	*	Sing	3	*	Dem	*	*	*	Case=Acc\|Number=Sing\|Person=3\|PronType=Dem	*	*	\[/Det\|Pro\]\[Acc\]	PRON	az	_	_	_	OBJ	basic	29-2	_	_	
29-2	5191-5200	állította	*	*	*	*	*	*	Ind	*	*	Sing	3	*	*	*	Past	*	Definite=Def\|Mood=Ind\|Number=Sing\|Person=3\|Tense=Past\|VerbForm=Fin\|Voice=Act	Fin	Act	\[/V\]\[Pst.Def.3Sg\]	VERB	állít	_	_	_	ROOT	basic	29-2	_	_	
29-3	5201-5202	,	_	_	_	_	_	_	_	_	_	_	_	_	_	_	_	_	_	_	_	\[Punct\]	PUNCT	,	_	_	_	PUNCT	basic	29-2	_	_	
29-4	5203-5209	Benito	*	*	Nom	*	*	*	*	*	*	Sing	*	*	*	*	*	*	Case=Nom\|Number=Sing	*	*	\[/N\]\[Nom\]	PROPN	Benito	_	_	_	NE	basic	29-5	_	_	
29-5	5210-5219	Mussolini	*	*	Nom	*	*	*	*	*	*	Sing	*	*	*	*	*	*	Case=Nom\|Number=Sing	*	*	\[/N\]\[Nom\]	PROPN	Mussolini	_	_	_	ATT	basic	29-7	_	_	
29-6	5220-5225	olasz	*	*	Nom	*	Pos	*	*	*	*	Sing	*	*	*	*	*	*	Case=Nom\|Degree=Pos\|Number=Sing	*	*	\[/Adj\]\[Nom\]	ADJ	olasz	_	_	_	ATT	basic	29-7	_	_	
29-7	5226-5234	diktátor	*	*	Nom	*	*	*	*	*	*	Sing	*	*	*	*	*	*	Case=Nom\|Number=Sing	*	*	\[/N\]\[Nom\]	NOUN	diktátor	_	_	_	ATT	basic	29-8	_	_	
29-8	5235-5242	1938-as	*	*	Nom	*	*	*	*	*	*	Sing	*	*	*	*	*	*	Case=Nom\|Number=Sing	*	*	\[/N\]\[Nom\]	NOUN	1938-as	_	_	_	ATT	basic	29-10	_	_	
29-9	5243-5247	faji	*	*	Nom	*	Pos	*	*	*	*	Sing	*	*	*	*	*	*	Case=Nom\|Degree=Pos\|Number=Sing	*	*	\[/Adj\]\[Nom\]	ADJ	faji	_	_	_	ATT	basic	29-10	_	_	
29-10	5248-5257	törvényei	*	*	Nom	*	*	*	*	*	*	Plur	*	*	*	*	*	*	Case=Nom\|Number=Plur\|Number\[psor\]=Sing\|Person\[psor\]=3	*	*	\[/N\]\[Pl.Poss.3Sg\]\[Nom\]	NOUN	törvény	_	_	_	SUBJ	basic	29-15	_	_	
29-11	5258-5259	„	_	_	_	_	_	_	_	_	_	_	_	_	_	_	_	_	_	_	_	\[Punct\]	PUNCT	„	_	_	_	PUNCT	basic	29-10	_	_	
29-12	5260-5271	Olaszország	*	*	Nom	*	*	*	*	*	*	Sing	*	*	*	*	*	*	Case=Nom\|Number=Sing	*	*	\[/N\]\[Nom\]	PROPN	Olaszország	_	_	_	ATT	basic	29-14	_	_	
29-13	5272-5283	legsötétebb	*	*	Nom	*	Sup	*	*	*	*	Sing	*	*	*	*	*	*	Case=Nom\|Degree=Sup\|Number=Sing	*	*	\[/Supl\]\[/Adj\]\[\_Comp/Adj\]\[Nom\]	ADJ	sötét	_	_	_	ATT	basic	29-14	_	_	
29-14	5284-5294	pillanatai	*	*	Nom	*	*	*	*	*	*	Plur	*	*	*	*	*	*	Case=Nom\|Number=Plur\|Number\[psor\]=Sing\|Person\[psor\]=3	*	*	\[/N\]\[Pl.Poss.3Sg\]\[Nom\]	NOUN	pillanat	_	_	_	COORD	basic	29-10	_	_	
29-15	5295-5301	voltak	*	*	*	*	*	*	Ind	*	*	Plur	3	*	*	*	Past	*	Definite=Ind\|Mood=Ind\|Number=Plur\|Person=3\|Tense=Past\|VerbForm=Fin\|Voice=Act	Fin	Act	\[/V\]\[Pst.NDef.3Pl\]	VERB	van	_	_	_	COORD	basic	29-2	_	_	
29-16	5302-5303	”	_	_	_	_	_	_	_	_	_	_	_	_	_	_	_	_	_	_	_	\[Punct\]	PUNCT	”	_	_	_	PUNCT	basic	29-15	_	_	
29-17	5304-5305	,	_	_	_	_	_	_	_	_	_	_	_	_	_	_	_	_	_	_	_	\[Punct\]	PUNCT	,	_	_	_	PUNCT	basic	29-15	_	_	
29-18	5306-5310	majd	_	_	_	_	_	_	_	_	_	_	_	_	_	_	_	_	_	_	_	\[/Adv\]	ADV	majd	_	_	_	TLOCY	basic	29-19	_	_	
29-19	5311-5323	kijelentette	*	*	*	*	*	*	Ind	*	*	Sing	3	*	*	*	Past	*	Definite=Def\|Mood=Ind\|Number=Sing\|Person=3\|Tense=Past\|VerbForm=Fin\|Voice=Act	Fin	Act	\[/V\]\[Pst.Def.3Sg\]	VERB	kijelent	_	_	_	COORD	basic	29-15	_	_	
29-20	5324-5325	,	_	_	_	_	_	_	_	_	_	_	_	_	_	_	_	_	_	_	_	\[Punct\]	PUNCT	,	_	_	_	PUNCT	basic	29-19	_	_	
29-21	5326-5330	hogy	_	_	_	_	_	_	_	_	_	_	_	_	_	_	_	_	_	_	_	\[/Cnj\]	SCONJ	hogy	_	_	_	CONJ	basic	29-19	_	_	
29-22	5331-5332	„	_	_	_	_	_	_	_	_	_	_	_	_	_	_	_	_	_	_	_	\[Punct\]	PUNCT	„	_	_	_	PUNCT	basic	29-25	_	_	
29-23	5333-5337	soha	_	_	_	_	_	_	_	_	_	_	_	_	_	_	_	_	_	_	_	\[/Adv\]	ADV	soha	_	_	_	TLOCY	basic	29-25	_	_	
29-24	5338-5341	nem	*	*	*	*	*	*	*	*	*	*	*	*	Neg	*	*	*	PronType=Neg	*	*	\[/Adv\]	ADV	nem	_	_	_	NEG	basic	29-25	_	_	
29-25	5342-5356	szimpatizáltam	*	*	*	*	*	*	Ind	*	*	Sing	1	*	*	*	Past	*	Definite=Def\|Mood=Ind\|Number=Sing\|Person=1\|Tense=Past\|VerbForm=Fin\|Voice=Act	Fin	Act	\[/V\]\[Pst.Def.1Sg\]	VERB	szimpatizál	_	_	_	ATT	basic	29-21	_	_	
29-26	5357-5359	az	*	*	*	*	*	*	*	*	*	*	*	*	Art	*	*	*	Definite=Def\|PronType=Art	*	*	\[/Det\|Art.Def\]	DET	az	_	_	_	DET	basic	29-28	_	_	
29-27	5360-5376	antidemokratikus	*	*	Nom	*	Pos	*	*	*	*	Sing	*	*	*	*	*	*	Case=Nom\|Degree=Pos\|Number=Sing	*	*	\[/Adj\]\[Nom\]	ADJ	antidemokratikus	_	_	_	ATT	basic	29-28	_	_	
29-28	5377-5388	rezsimekkel	*	*	Ins	*	*	*	*	*	*	Plur	*	*	*	*	*	*	Case=Ins\|Number=Plur	*	*	\[/N\]\[Pl\]\[Ins\]	NOUN	rezsim	_	_	_	OBL	basic	29-25	_	_	
29-29	5389-5390	,	_	_	_	_	_	_	_	_	_	_	_	_	_	_	_	_	_	_	_	\[Punct\]	PUNCT	,	_	_	_	PUNCT	basic	29-25	_	_	
29-30	5391-5400	beleértve	*	*	*	*	*	*	*	*	*	*	*	*	*	*	*	*	VerbForm=Trans	Trans	*	\[/V\]\[\_AdvPtcp/Adv\]	ADV	beleért	_	_	_	MODE	basic	29-38	_	_	
29-31	5401-5402	a	*	*	*	*	*	*	*	*	*	*	*	*	Art	*	*	*	Definite=Def\|PronType=Art	*	*	\[/Det\|Art.Def\]	DET	a	_	_	_	DET	basic	29-32	_	_	
29-32	5403-5412	fasizmust	*	*	Acc	*	*	*	*	*	*	Sing	*	*	*	*	*	*	Case=Acc\|Number=Sing	*	*	\[/N\]\[Acc\]	NOUN	fasizmus	_	_	_	OBJ	basic	29-30	_	_	
29-33	5413-5416	is.	_	_	_	_	_	_	_	_	_	_	_	_	_	_	_	_	_	_	_	\[/Adv\]\[Punct\]	ADV	is	_	_	_	MODE	basic	29-32	_	_	
29-34	5417-5418	”	_	_	_	_	_	_	_	_	_	_	_	_	_	_	_	_	_	_	_	\[\[Punct\]	PUNCT	”	_	_	_	PUNCT	basic	29-30	_	_	
29-35	5419-5427	Korábban	_	_	_	_	_	_	_	_	_	_	_	_	_	_	_	_	_	_	_	\[/Adv\]	ADV	korábban	_	_	_	MODE	basic	29-36	_	_	
29-36	5428-5432	nagy	*	*	Nom	*	Pos	*	*	*	*	Sing	*	*	*	*	*	*	Case=Nom\|Degree=Pos\|Number=Sing	*	*	\[/Adj\]\[Nom\]	ADJ	nagy	_	_	_	ATT	basic	29-37	_	_	
29-37	5433-5444	visszhangot	*	*	Acc	*	*	*	*	*	*	Sing	*	*	*	*	*	*	Case=Acc\|Number=Sing	*	*	\[/N\]\[Acc\]	NOUN	visszhang	_	_	_	OBJ	basic	29-38	_	_	
29-38	5445-5452	váltott	*	*	*	*	*	*	Ind	*	*	Sing	3	*	*	*	Past	*	Definite=Ind\|Mood=Ind\|Number=Sing\|Person=3\|Tense=Past\|VerbForm=Fin\|Voice=Act	Fin	Act	\[/V\]\[Pst.NDef.3Sg\]	VERB	vált	_	_	_	COORD	basic	29-25	_	_	
29-39	5453-5455	ki	_	_	_	_	_	_	_	_	_	_	_	_	_	_	_	_	_	_	_	\[/Prev\]	ADV	ki	_	_	_	PREVERB	basic	29-38	_	_	
29-40	5456-5458	az	*	*	Nom	*	*	*	*	*	*	Sing	3	*	Dem	*	*	*	Case=Nom\|Number=Sing\|Person=3\|PronType=Dem	*	*	\[/Det\|Pro\]\[Nom\]	PRON	az	_	_	_	DET	basic	29-42	_	_	
29-41	5459-5460	a	*	*	*	*	*	*	*	*	*	*	*	*	Art	*	*	*	Definite=Def\|PronType=Art	*	*	\[/Det\|Art.Def\]	DET	a	_	_	_	DET	basic	29-42	_	_	
29-42	5461-5466	videó	*	*	Nom	*	*	*	*	*	*	Sing	*	*	*	*	*	*	Case=Nom\|Number=Sing	*	*	\[/N\]\[Nom\]	NOUN	videó	_	_	_	SUBJ	basic	29-38	_	_	
29-43	5467-5468	,	_	_	_	_	_	_	_	_	_	_	_	_	_	_	_	_	_	_	_	\[Punct\]	PUNCT	,	_	_	_	PUNCT	basic	29-38	_	_	
29-44	5469-5473	amin	*	*	Sup	*	*	*	*	*	*	Sing	3	*	Rel	*	*	*	Case=Sup\|Number=Sing\|Person=3\|PronType=Rel	*	*	\[/N\|Pro\|Rel\]\[Supe\]	PRON	ami	_	_	_	OBL	basic	29-50	_	_	
29-45	5474-5480	Meloni	*	*	Nom	*	*	*	*	*	*	Sing	*	*	*	*	*	*	Case=Nom\|Number=Sing	*	*	\[/N\]	PROPN	Meloni	_	_	_	SUBJ	basic	29-50	_	_	
29-46	5481-5484	még	_	_	_	_	_	_	_	_	_	_	_	_	_	_	_	_	_	_	_	\[/Adv\]	ADV	még	_	_	_	MODE	basic	29-48	_	_	
29-47	5485-5487	19	*	*	Nom	*	*	*	*	*	Card	Sing	*	*	*	*	*	*	Case=Nom\|Number=Sing\|NumType=Card	*	*	\[/Num\|Digit\]\[Nom\]	NUM	19	_	_	_	ATT	basic	29-48	_	_	
29-48	5488-5494	évesen	*	*	Ess	*	Pos	*	*	*	*	Sing	*	*	*	*	*	*	Case=Ess\|Degree=Pos\|Number=Sing	*	*	\[/Adj\]\[\_Manner/Adv\]	ADJ	éves	_	_	_	MODE	basic	29-50	_	_	
29-49	5495-5500	arról	*	*	Del	*	*	*	*	*	*	Sing	3	*	Dem	*	*	*	Case=Del\|Number=Sing\|Person=3\|PronType=Dem	*	*	\[/Det\|Pro\]\[Del\]	PRON	az	_	_	_	OBL	basic	29-50	_	_	
29-50	5501-5508	beszélt	*	*	*	*	*	*	Ind	*	*	Sing	3	*	*	*	Past	*	Definite=Ind\|Mood=Ind\|Number=Sing\|Person=3\|Tense=Past\|VerbForm=Fin\|Voice=Act	Fin	Act	\[/V\]\[Pst.NDef.3Sg\]	VERB	beszél	_	_	_	ATT	basic	29-38	_	_	
29-51	5509-5510	,	_	_	_	_	_	_	_	_	_	_	_	_	_	_	_	_	_	_	_	\[Punct\]	PUNCT	,	_	_	_	PUNCT	basic	29-50	_	_	
29-52	5511-5515	hogy	_	_	_	_	_	_	_	_	_	_	_	_	_	_	_	_	_	_	_	\[/Cnj\]	SCONJ	hogy	_	_	_	CONJ	basic	29-50	_	_	
29-53	5516-5525	Mussolini	*	*	Nom	*	*	*	*	*	*	Sing	*	*	*	*	*	*	Case=Nom\|Number=Sing	*	*	\[/N\]\[Nom\]	PROPN	Mussolini	_	_	_	ATT	basic	29-54	_	_	
29-54	5526-5534	szerinte	_	_	_	_	_	_	_	_	_	_	_	_	_	_	_	_	_	_	_	\[/Post\]\[3Sg\]	ADP	szerint	_	_	_	MODE	basic	29-57	_	_	
29-55	5535-5537	jó	*	*	Nom	*	Pos	*	*	*	*	Sing	*	*	*	*	*	*	Case=Nom\|Degree=Pos\|Number=Sing	*	*	\[/Adj\]\[Nom\]	ADJ	jó	_	_	_	ATT	basic	29-56	_	_	
29-56	5538-5547	politikus	*	*	Nom	*	*	*	*	*	*	Sing	*	*	*	*	*	*	Case=Nom\|Number=Sing	*	*	\[/N\]\[Nom\]	NOUN	politikus	_	_	_	PRED	basic	29-57	_	_	
29-57	5548-5552	volt	*	*	*	*	*	*	Ind	*	*	Sing	3	*	*	*	Past	*	Definite=Ind\|Mood=Ind\|Number=Sing\|Person=3\|Tense=Past\|VerbForm=Fin\|Voice=Act	Fin	Act	\[/V\]\[Pst.NDef.3Sg\]	VERB	van	_	_	_	ATT	basic	29-52	_	_	
29-58	5553-5554	.	_	_	_	_	_	_	_	_	_	_	_	_	_	_	_	_	_	_	_	\[Punct\]	PUNCT	.	_	_	_	PUNCT	basic	29-58	_	_	

#Text=Ugyanez a múlt köszönt vissza azonban párttársa , a szenátus már említett új elnökének személyében , akiről kiderült , szabadidejében szenvedélyesen gyűjt fasiszta emléktárgyakat : egy felvételen például egy Mussolini-szobor látható a szobájában .
30-1	5555-5562	Ugyanez	*	*	*	*	*	*	*	*	*	*	*	*	Art	*	*	*	PronType=Art	*	*	\[/Det\|Pro\]\[Nom\]	ADV	ugyanez	_	_	_	MODE	basic	30-4	_	_	
30-2	5563-5564	a	*	*	*	*	*	*	*	*	*	*	*	*	Art	*	*	*	Definite=Def\|PronType=Art	*	*	\[/Det\|Art.Def\]	DET	a	_	_	_	DET	basic	30-3	_	_	
30-3	5565-5569	múlt	*	*	Nom	*	*	*	*	*	*	Sing	*	*	*	*	*	*	Case=Nom\|Number=Sing	*	*	\[/N\]\[Nom\]	NOUN	múlt	_	_	_	SUBJ	basic	30-4	_	_	
30-4	5570-5577	köszönt	*	*	*	*	*	*	Ind	*	*	Sing	3	*	*	*	Past	*	Definite=Ind\|Mood=Ind\|Number=Sing\|Person=3\|Tense=Past\|VerbForm=Fin\|Voice=Act	Fin	Act	\[/V\]\[Pst.NDef.3Sg\]	VERB	köszön	_	_	_	ROOT	basic	30-4	_	_	
30-5	5578-5584	vissza	_	_	_	_	_	_	_	_	_	_	_	_	_	_	_	_	_	_	_	\[/Prev\]	ADV	vissza	_	_	_	MODE	basic	30-4	_	_	
30-6	5585-5592	azonban	_	_	_	_	_	_	_	_	_	_	_	_	_	_	_	_	_	_	_	\[/Cnj\]	CONJ	azonban	_	_	_	CONJ	basic	30-7	_	_	
30-7	5593-5602	párttársa	*	*	Nom	*	*	*	*	*	*	Sing	*	*	*	*	*	*	Case=Nom\|Number=Sing\|Number\[psor\]=Sing\|Person\[psor\]=3	*	*	\[/N\]\[Poss.3Sg\]\[Nom\]	NOUN	párttárs	_	_	_	ATT	basic	30-15	_	_	
30-8	5603-5604	,	_	_	_	_	_	_	_	_	_	_	_	_	_	_	_	_	_	_	_	\[Punct\]	PUNCT	,	_	_	_	PUNCT	basic	30-7	_	_	
30-9	5605-5606	a	*	*	*	*	*	*	*	*	*	*	*	*	Art	*	*	*	Definite=Def\|PronType=Art	*	*	\[/Det\|Art.Def\]	DET	a	_	_	_	DET	basic	30-10	_	_	
30-10	5607-5615	szenátus	*	*	Nom	*	*	*	*	*	*	Sing	*	*	*	*	*	*	Case=Nom\|Number=Sing	*	*	\[/N\]\[Nom\]	NOUN	szenátus	_	_	_	ATT	basic	30-14	_	_	
30-11	5616-5619	már	_	_	_	_	_	_	_	_	_	_	_	_	_	_	_	_	_	_	_	\[/Adv\]	ADV	már	_	_	_	MODE	basic	30-12	_	_	
30-12	5620-5628	említett	*	*	Nom	*	Pos	*	*	*	*	Sing	*	*	*	*	*	*	Case=Nom\|Degree=Pos\|Number=Sing	*	*	\[/Adj\]\[Nom\]	ADJ	említett	_	_	_	ATT	basic	30-14	_	_	
30-13	5629-5631	új	*	*	Nom	*	Pos	*	*	*	*	Sing	*	*	*	*	*	*	Case=Nom\|Degree=Pos\|Number=Sing	*	*	\[/Adj\]\[Nom\]	ADJ	új	_	_	_	ATT	basic	30-14	_	_	
30-14	5632-5641	elnökének	*	*	Dat	*	*	*	*	*	*	Sing	*	*	*	*	*	*	Case=Dat\|Number=Sing\|Number\[psor\]=Sing\|Person\[psor\]=3	*	*	\[/N\]\[Poss.3Sg\]\[Dat\]	NOUN	elnök	_	_	_	COORD	basic	30-7	_	_	
30-15	5642-5653	személyében	*	*	Ine	*	*	*	*	*	*	Sing	*	*	*	*	*	*	Case=Ine\|Number=Sing\|Number\[psor\]=Sing\|Person\[psor\]=3	*	*	\[/N\]\[Poss.3Sg\]\[Ine\]	NOUN	személy	_	_	_	OBL	basic	30-4	_	_	
30-16	5654-5655	,	_	_	_	_	_	_	_	_	_	_	_	_	_	_	_	_	_	_	_	\[Punct\]	PUNCT	,	_	_	_	PUNCT	basic	30-4	_	_	
30-17	5656-5662	akiről	*	*	Del	*	*	*	*	*	*	Sing	3	*	Rel	*	*	*	Case=Del\|Number=Sing\|Person=3\|PronType=Rel	*	*	\[/N\|Pro\|Rel\]\[Del\]	PRON	aki	_	_	_	OBL	basic	30-18	_	_	
30-18	5663-5671	kiderült	*	*	*	*	*	*	Ind	*	*	Sing	3	*	*	*	Past	*	Definite=Ind\|Mood=Ind\|Number=Sing\|Person=3\|Tense=Past\|VerbForm=Fin\|Voice=Act	Fin	Act	\[/V\]\[Pst.NDef.3Sg\]	VERB	kiderül	_	_	_	ATT	basic	30-4	_	_	
30-19	5672-5673	,	_	_	_	_	_	_	_	_	_	_	_	_	_	_	_	_	_	_	_	\[Punct\]	PUNCT	,	_	_	_	PUNCT	basic	30-18	_	_	
30-20	5674-5688	szabadidejében	*	*	Ine	*	*	*	*	*	*	Sing	*	*	*	*	*	*	Case=Ine\|Number=Sing\|Number\[psor\]=Sing\|Person\[psor\]=3	*	*	\[/N\]\[Poss.3Sg\]\[Ine\]	NOUN	szabadidő	_	_	_	OBL	basic	30-22	_	_	
30-21	5689-5703	szenvedélyesen	*	*	Ess	*	Pos	*	*	*	*	Sing	*	*	*	*	*	*	Case=Ess\|Degree=Pos\|Number=Sing	*	*	\[/Adj\]\[\_Manner/Adv\]	ADJ	szenvedélyes	_	_	_	MODE	basic	30-22	_	_	
30-22	5704-5709	gyűjt	*	*	*	*	*	*	Ind	*	*	Sing	3	*	*	*	Pres	*	Definite=Ind\|Mood=Ind\|Number=Sing\|Person=3\|Tense=Pres\|VerbForm=Fin\|Voice=Act	Fin	Act	\[/V\]\[Prs.NDef.3Sg\]	VERB	gyűjt	_	_	_	ATT	basic	30-18	_	_	
30-23	5710-5718	fasiszta	*	*	Nom	*	Pos	*	*	*	*	Sing	*	*	*	*	*	*	Case=Nom\|Degree=Pos\|Number=Sing	*	*	\[/Adj\]\[Nom\]	ADJ	fasiszta	_	_	_	ATT	basic	30-24	_	_	
30-24	5719-5733	emléktárgyakat	*	*	Acc	*	*	*	*	*	*	Plur	*	*	*	*	*	*	Case=Acc\|Number=Plur	*	*	\[/N\]\[Pl\]\[Acc\]	NOUN	emléktárgy	_	_	_	OBJ	basic	30-22	_	_	
30-25	5734-5735	:	_	_	_	_	_	_	_	_	_	_	_	_	_	_	_	_	_	_	_	\[Punct\]	PUNCT	:	_	_	_	PUNCT	basic	30-22	_	_	
30-26	5736-5739	egy	*	*	*	*	*	*	*	*	*	*	*	*	Art	*	*	*	Definite=Ind\|PronType=Art	*	*	\[/Det\|Art.NDef\]	DET	egy	_	_	_	DET	basic	30-27	_	_	
30-27	5740-5750	felvételen	*	*	Sup	*	*	*	*	*	*	Sing	*	*	*	*	*	*	Case=Sup\|Number=Sing	*	*	\[/N\]\[Supe\]	NOUN	felvétel	_	_	_	OBL	basic	30-22	_	_	
30-28	5751-5758	például	_	_	_	_	_	_	_	_	_	_	_	_	_	_	_	_	_	_	_	\[/Adv\]	ADV	például	_	_	_	MODE	basic	30-22	_	_	
30-29	5759-5762	egy	*	*	*	*	*	*	*	*	*	*	*	*	Art	*	*	*	Definite=Ind\|PronType=Art	*	*	\[/Det\|Art.NDef\]	DET	egy	_	_	_	DET	basic	30-30	_	_	
30-30	5763-5779	Mussolini-szobor	*	*	Nom	*	*	*	*	*	*	Sing	*	*	*	*	*	*	Case=Nom\|Number=Sing	*	*	\[/N\]\[Nom\]	PROPN	Mussolini-szobor	_	_	_	ATT	basic	30-33	_	_	
30-31	5780-5787	látható	*	*	Nom	*	Pos	*	*	*	*	Sing	*	*	*	*	*	*	Case=Nom\|Degree=Pos\|Number=Sing	*	*	\[/Adj\]\[Nom\]	ADJ	látható	_	_	_	PRED	basic	30-33	_	_	
30-32	5788-5789	a	*	*	*	*	*	*	*	*	*	*	*	*	Art	*	*	*	Definite=Def\|PronType=Art	*	*	\[/Det\|Art.Def\]	DET	a	_	_	_	DET	basic	30-33	_	_	
30-33	5790-5800	szobájában	*	*	Ine	*	*	*	*	*	*	Sing	*	*	*	*	*	*	Case=Ine\|Number=Sing\|Number\[psor\]=Sing\|Person\[psor\]=3	*	*	\[/N\]\[Poss.3Sg\]\[Ine\]	NOUN	szoba	_	_	_	OBL	basic	30-22	_	_	
30-34	5801-5802	.	_	_	_	_	_	_	_	_	_	_	_	_	_	_	_	_	_	_	_	\[Punct\]	PUNCT	.	_	_	_	PUNCT	basic	30-34	_	_	

#Text=Meloni érintette a bevándorlás kérdését is , ahol viszont nem úgy tűnt , mintha finomított volna álláspontján , habár azt hangsúlyozta , hogy a háború elől menekülők menedékkérelemhez való jogát semmiképpen sem kérdőjelezik meg .
31-1	5803-5809	Meloni	*	*	Nom	*	*	*	*	*	*	Sing	*	*	*	*	*	*	Case=Nom\|Number=Sing	*	*	\[/N\]\[Nom\]	PROPN	Meloni	_	_	_	SUBJ	basic	31-2	_	_	
31-2	5810-5819	érintette	*	*	*	*	*	*	Ind	*	*	Sing	3	*	*	*	Past	*	Definite=Def\|Mood=Ind\|Number=Sing\|Person=3\|Tense=Past\|VerbForm=Fin\|Voice=Act	Fin	Act	\[/V\]\[Pst.Def.3Sg\]	VERB	érint	_	_	_	ROOT	basic	31-2	_	_	
31-3	5820-5821	a	*	*	*	*	*	*	*	*	*	*	*	*	Art	*	*	*	Definite=Def\|PronType=Art	*	*	\[/Det\|Art.Def\]	DET	a	_	_	_	DET	basic	31-4	_	_	
31-4	5822-5833	bevándorlás	*	*	Nom	*	*	*	*	*	*	Sing	*	*	*	*	*	*	Case=Nom\|Number=Sing	*	*	\[/N\]\[Nom\]	NOUN	bevándorlás	_	_	_	ATT	basic	31-5	_	_	
31-5	5834-5842	kérdését	*	*	Acc	*	*	*	*	*	*	Sing	*	*	*	*	*	*	Case=Acc\|Number=Sing\|Number\[psor\]=Sing\|Person\[psor\]=3	*	*	\[/N\]\[Poss.3Sg\]\[Acc\]	NOUN	kérdés	_	_	_	OBJ	basic	31-2	_	_	
31-6	5843-5845	is	_	_	_	_	_	_	_	_	_	_	_	_	_	_	_	_	_	_	_	\[/Adv\]	ADV	is	_	_	_	MODE	basic	31-2	_	_	
31-7	5846-5847	,	_	_	_	_	_	_	_	_	_	_	_	_	_	_	_	_	_	_	_	\[Punct\]	PUNCT	,	_	_	_	PUNCT	basic	31-2	_	_	
31-8	5848-5852	ahol	*	*	Nom	*	*	*	*	*	*	Sing	3	*	Rel	*	*	*	Case=Nom\|Number=Sing\|Person=3\|PronType=Rel	*	*	\[/Adv\|Pro\|Rel\]	PRON	ahol	_	_	_	SUBJ	basic	31-12	_	_	
31-9	5853-5860	viszont	_	_	_	_	_	_	_	_	_	_	_	_	_	_	_	_	_	_	_	\[/Cnj\]	CONJ	viszont	_	_	_	CONJ	basic	31-12	_	_	
31-10	5861-5864	nem	*	*	*	*	*	*	*	*	*	*	*	*	Neg	*	*	*	PronType=Neg	*	*	\[/Adv\]	ADV	nem	_	_	_	NEG	basic	31-11	_	_	
31-11	5865-5868	úgy	*	*	Nom	*	*	*	*	*	*	Sing	3	*	Prs	*	*	*	Case=Nom\|Number=Sing\|Person=3\|PronType=Prs	*	*	\[/Adv\|Pro\]	PRON	úgy	_	_	_	SUBJ	basic	31-12	_	_	
31-12	5869-5873	tűnt	*	*	*	*	*	*	Ind	*	*	Sing	3	*	*	*	Past	*	Definite=Ind\|Mood=Ind\|Number=Sing\|Person=3\|Tense=Past\|VerbForm=Fin\|Voice=Act	Fin	Act	\[/V\]\[Pst.NDef.3Sg\]	VERB	tűnik	_	_	_	ATT	basic	31-2	_	_	
31-13	5874-5875	,	_	_	_	_	_	_	_	_	_	_	_	_	_	_	_	_	_	_	_	\[Punct\]	PUNCT	,	_	_	_	PUNCT	basic	31-12	_	_	
31-14	5876-5882	mintha	_	_	_	_	_	_	_	_	_	_	_	_	_	_	_	_	_	_	_	\[/Cnj\]	CONJ	mintha	_	_	_	CONJ	basic	31-12	_	_	
31-15	5883-5893	finomított	*	*	*	*	*	*	Ind	*	*	Sing	3	*	*	*	Past	*	Definite=Ind\|Mood=Ind\|Number=Sing\|Person=3\|Tense=Past\|VerbForm=Fin\|Voice=Act	Fin	Act	\[/V\]\[Pst.NDef.3Sg\]	VERB	finomít	_	_	_	COORD	basic	31-14	_	_	
31-16	5894-5899	volna	*	*	*	*	*	*	Cnd	*	*	Sing	3	*	*	*	Pres	*	Definite=Ind\|Mood=Cnd\|Number=Sing\|Person=3\|Tense=Pres\|VerbForm=Fin\|Voice=Act	Fin	Act	\[/V\]	VERB	volna	_	_	_	ATT	basic	31-12	_	_	
31-17	5900-5912	álláspontján	*	*	Sup	*	*	*	*	*	*	Sing	*	*	*	*	*	*	Case=Sup\|Number=Sing\|Number\[psor\]=Sing\|Person\[psor\]=3	*	*	\[/N\]\[Poss.3Sg\]\[Supe\]	NOUN	álláspont	_	_	_	OBL	basic	31-16	_	_	
31-18	5913-5914	,	_	_	_	_	_	_	_	_	_	_	_	_	_	_	_	_	_	_	_	\[Punct\]	PUNCT	,	_	_	_	PUNCT	basic	31-16	_	_	
31-19	5915-5920	habár	_	_	_	_	_	_	_	_	_	_	_	_	_	_	_	_	_	_	_	\[/Cnj\]	CONJ	habár	_	_	_	CONJ	basic	31-16	_	_	
31-20	5921-5924	azt	*	*	Acc	*	*	*	*	*	*	Sing	3	*	Dem	*	*	*	Case=Acc\|Number=Sing\|Person=3\|PronType=Dem	*	*	\[/Det\|Pro\]\[Acc\]	PRON	az	_	_	_	OBJ	basic	31-21	_	_	
31-21	5925-5937	hangsúlyozta	*	*	*	*	*	*	Ind	*	*	Sing	3	*	*	*	Past	*	Definite=Def\|Mood=Ind\|Number=Sing\|Person=3\|Tense=Past\|VerbForm=Fin\|Voice=Act	Fin	Act	\[/V\]\[Pst.Def.3Sg\]	VERB	hangsúlyoz	_	_	_	COORD	basic	31-19	_	_	
31-22	5938-5939	,	_	_	_	_	_	_	_	_	_	_	_	_	_	_	_	_	_	_	_	\[Punct\]	PUNCT	,	_	_	_	PUNCT	basic	31-21	_	_	
31-23	5940-5944	hogy	_	_	_	_	_	_	_	_	_	_	_	_	_	_	_	_	_	_	_	\[/Cnj\]	SCONJ	hogy	_	_	_	CONJ	basic	31-21	_	_	
31-24	5945-5946	a	*	*	*	*	*	*	*	*	*	*	*	*	Art	*	*	*	Definite=Def\|PronType=Art	*	*	\[/Det\|Art.Def\]	DET	a	_	_	_	DET	basic	31-25	_	_	
31-25	5947-5953	háború	*	*	Nom	*	*	*	*	*	*	Sing	*	*	*	*	*	*	Case=Nom\|Number=Sing	*	*	\[/N\]\[Nom\]	NOUN	háború	_	_	_	ATT	basic	31-26	_	_	
31-26	5954-5958	elől	_	_	_	_	_	_	_	_	_	_	_	_	_	_	_	_	_	_	_	\[/Post\]	ADP	elől	_	_	_	LOCY	basic	31-27	_	_	
31-27	5959-5968	menekülők	*	*	Nom	*	*	*	*	*	*	Plur	*	*	*	*	*	*	Case=Nom\|Number=Plur	*	*	\[/N\]\[Pl\]\[Nom\]	NOUN	menekülő	_	_	_	ATT	basic	31-30	_	_	
31-28	5969-5986	menedékkérelemhez	*	*	All	*	*	*	*	*	*	Sing	*	*	*	*	*	*	Case=All\|Number=Sing	*	*	\[/N\]\[All\]	NOUN	menedékkérelem	_	_	_	OBL	basic	31-29	_	_	
31-29	5987-5991	való	*	*	Nom	*	Pos	*	*	*	*	Sing	*	*	*	*	*	*	Case=Nom\|Degree=Pos\|Number=Sing	*	*	\[/Adj\]\[Nom\]	ADJ	való	_	_	_	ATT	basic	31-30	_	_	
31-30	5992-5997	jogát	*	*	Acc	*	*	*	*	*	*	Sing	*	*	*	*	*	*	Case=Acc\|Number=Sing\|Number\[psor\]=Sing\|Person\[psor\]=3	*	*	\[/N\]\[Poss.3Sg\]\[Acc\]	NOUN	jog	_	_	_	OBJ	basic	31-33	_	_	
31-31	5998-6009	semmiképpen	*	*	Nom	*	*	*	*	*	*	Sing	3	*	Prs	*	*	*	Case=Nom\|Number=Sing\|Person=3\|PronType=Prs	*	*	\[/Adv\|Pro\]	PRON	semmiképpen	_	_	_	SUBJ	basic	31-33	_	_	
31-32	6010-6013	sem	*	*	*	*	*	*	*	*	*	*	*	*	Neg	*	*	*	PronType=Neg	*	*	\[/Adv\]	ADV	sem	_	_	_	NEG	basic	31-31	_	_	
31-33	6014-6026	kérdőjelezik	*	*	*	*	*	*	Ind	*	*	Plur	3	*	*	*	Pres	*	Definite=Def\|Mood=Ind\|Number=Plur\|Person=3\|Tense=Pres\|VerbForm=Fin\|Voice=Act	Fin	Act	\[/V\]\[Prs.Def.3Pl\]	VERB	kérdőjelez	_	_	_	ATT	basic	31-23	_	_	
31-34	6027-6030	meg	_	_	_	_	_	_	_	_	_	_	_	_	_	_	_	_	_	_	_	\[/Prev\]	PART	meg	_	_	_	PREVERB	basic	31-33	_	_	
31-35	6031-6032	.	_	_	_	_	_	_	_	_	_	_	_	_	_	_	_	_	_	_	_	\[Punct\]	PUNCT	.	_	_	_	PUNCT	basic	31-35	_	_	

#Text=Ezek mellett nem kertelt az országot fenyegető gazdasági problémákkal kapcsolatban sem , amiknek orvoslására adócsökkentést és a bürokrácia megnyirbálását javasolta , miközben rezsitámogatást is ígért az embereknek és a vállalatoknak .
32-1	6033-6037	Ezek	*	*	Nom	*	*	*	*	*	*	Plur	3	*	Dem	*	*	*	Case=Nom\|Number=Plur\|Person=3\|PronType=Dem	*	*	\[/Det\|Pro\]\[Pl\]\[Nom\]	PRON	ez	_	_	_	ATT	basic	32-2	_	_	
32-2	6038-6045	mellett	_	_	_	_	_	_	_	_	_	_	_	_	_	_	_	_	_	_	_	\[/Post\]	ADP	mellett	_	_	_	MODE	basic	32-4	_	_	
32-3	6046-6049	nem	*	*	*	*	*	*	*	*	*	*	*	*	Neg	*	*	*	PronType=Neg	*	*	\[/Adv\]	ADV	nem	_	_	_	NEG	basic	32-4	_	_	
32-4	6050-6057	kertelt	*	*	*	*	*	*	Ind	*	*	Sing	3	*	*	*	Past	*	Definite=Ind\|Mood=Ind\|Number=Sing\|Person=3\|Tense=Past\|VerbForm=Fin\|Voice=Act	Fin	Act	\[/V\]\[Pst.NDef.3Sg\]	VERB	kertel	_	_	_	ROOT	basic	32-4	_	_	
32-5	6058-6060	az	*	*	*	*	*	*	*	*	*	*	*	*	Art	*	*	*	Definite=Def\|PronType=Art	*	*	\[/Det\|Art.Def\]	DET	az	_	_	_	DET	basic	32-6	_	_	
32-6	6061-6069	országot	*	*	Acc	*	*	*	*	*	*	Sing	*	*	*	*	*	*	Case=Acc\|Number=Sing	*	*	\[/N\]\[Acc\]	NOUN	ország	_	_	_	OBJ	basic	32-7	_	_	
32-7	6070-6079	fenyegető	*	*	Nom	*	Pos	*	*	*	*	Sing	*	*	*	*	*	*	Case=Nom\|Degree=Pos\|Number=Sing	*	*	\[/Adj\]\[Nom\]	ADJ	fenyegető	Pconv	*	PRW	ATT	basic	32-9	_	_	
32-8	6080-6089	gazdasági	*	*	Nom	*	Pos	*	*	*	*	Sing	*	*	*	*	*	*	Case=Nom\|Degree=Pos\|Number=Sing	*	*	\[/Adj\]\[Nom\]	ADJ	gazdasági	_	_	_	ATT	basic	32-9	_	_	
32-9	6090-6102	problémákkal	*	*	Ins	*	*	*	*	*	*	Plur	*	*	*	*	*	*	Case=Ins\|Number=Plur	*	*	\[/N\]\[Pl\]\[Ins\]	NOUN	probléma	_	*	PRA	OBL	basic	32-10	tr	32-7	
32-10	6103-6115	kapcsolatban	*	*	Ine	*	*	*	*	*	*	Sing	*	*	*	*	*	*	Case=Ine\|Number=Sing	*	*	\[/N\]\[Ine\]	NOUN	kapcsolat	_	_	_	OBL	basic	32-4	_	_	
32-11	6116-6119	sem	*	*	*	*	*	*	*	*	*	*	*	*	Neg	*	*	*	PronType=Neg	*	*	\[/Adv\]	ADV	sem	_	_	_	NEG	basic	32-10	_	_	
32-12	6120-6121	,	_	_	_	_	_	_	_	_	_	_	_	_	_	_	_	_	_	_	_	\[Punct\]	PUNCT	,	_	_	_	PUNCT	basic	32-4	_	_	
32-13	6122-6129	amiknek	*	*	Dat	*	*	*	*	*	*	Plur	3	*	Rel	*	*	*	Case=Dat\|Number=Plur\|Person=3\|PronType=Rel	*	*	\[/N\|Pro\|Rel\]\[Pl\]\[Dat\]	PRON	ami	_	_	_	ATT	basic	32-14	_	_	
32-14	6130-6141	orvoslására	*	*	Sub	*	*	*	*	*	*	Sing	*	*	*	*	*	*	Case=Sub\|Number=Sing\|Number\[psor\]=Sing\|Person\[psor\]=3	*	*	\[/N\]\[Poss.3Sg\]\[Subl\]	NOUN	orvoslás	_	_	_	OBL	basic	32-20	_	_	
32-15	6142-6156	adócsökkentést	*	*	Acc	*	*	*	*	*	*	Sing	*	*	*	*	*	*	Case=Acc\|Number=Sing	*	*	\[/N\]\[Acc\]	NOUN	adócsökkentés	_	_	_	OBJ	basic	32-20	_	_	
32-16	6157-6159	és	_	_	_	_	_	_	_	_	_	_	_	_	_	_	_	_	_	_	_	\[/Cnj\]	CONJ	és	_	_	_	CONJ	basic	32-15	_	_	
32-17	6160-6161	a	*	*	*	*	*	*	*	*	*	*	*	*	Art	*	*	*	Definite=Def\|PronType=Art	*	*	\[/Det\|Art.Def\]	DET	a	_	_	_	DET	basic	32-18	_	_	
32-18	6162-6172	bürokrácia	*	*	Nom	*	*	*	*	*	*	Sing	*	*	*	*	*	*	Case=Nom\|Number=Sing	*	*	\[/N\]\[Nom\]	NOUN	bürokrácia	_	_	_	ATT	basic	32-19	_	_	
32-19	6173-6187	megnyirbálását	*	*	Acc	*	*	*	*	*	*	Sing	*	*	*	*	*	*	Case=Acc\|Number=Sing\|Number\[psor\]=Sing\|Person\[psor\]=3	*	*	\[/N\]\[Poss.3Sg\]\[Acc\]	NOUN	megnyirbálás	_	_	_	COORD	basic	32-16	_	_	
32-20	6188-6197	javasolta	*	*	*	*	*	*	Ind	*	*	Sing	3	*	*	*	Past	*	Definite=Def\|Mood=Ind\|Number=Sing\|Person=3\|Tense=Past\|VerbForm=Fin\|Voice=Act	Fin	Act	\[/V\]\[Pst.Def.3Sg\]	VERB	javasol	_	_	_	COORD	basic	32-4	_	_	
32-21	6198-6199	,	_	_	_	_	_	_	_	_	_	_	_	_	_	_	_	_	_	_	_	\[Punct\]	PUNCT	,	_	_	_	PUNCT	basic	32-20	_	_	
32-22	6200-6208	miközben	*	*	Nom	*	*	*	*	*	*	Sing	3	*	Rel	*	*	*	Case=Nom\|Number=Sing\|Person=3\|PronType=Rel	*	*	\[/Adv\|Pro\|Rel\]	PRON	miközben	_	_	_	ATT	basic	32-23	_	_	
32-23	6209-6224	rezsitámogatást	*	*	Acc	*	*	*	*	*	*	Sing	*	*	*	*	*	*	Case=Acc\|Number=Sing	*	*	\[/N\]\[Acc\]	NOUN	rezsitámogatás	_	_	_	OBJ	basic	32-25	_	_	
32-24	6225-6227	is	_	_	_	_	_	_	_	_	_	_	_	_	_	_	_	_	_	_	_	\[/Adv\]	ADV	is	_	_	_	MODE	basic	32-23	_	_	
32-25	6228-6233	ígért	*	*	*	*	*	*	Ind	*	*	Sing	3	*	*	*	Past	*	Definite=Ind\|Mood=Ind\|Number=Sing\|Person=3\|Tense=Past\|VerbForm=Fin\|Voice=Act	Fin	Act	\[/V\]\[Pst.NDef.3Sg\]	VERB	ígér	_	_	_	ATT	basic	32-20	_	_	
32-26	6234-6236	az	*	*	*	*	*	*	*	*	*	*	*	*	Art	*	*	*	Definite=Def\|PronType=Art	*	*	\[/Det\|Art.Def\]	DET	az	_	_	_	DET	basic	32-27	_	_	
32-27	6237-6247	embereknek	*	*	Dat	*	*	*	*	*	*	Plur	*	*	*	*	*	*	Case=Dat\|Number=Plur	*	*	\[/N\]\[Pl\]\[Dat\]	NOUN	ember	_	_	_	DAT	basic	32-25	_	_	
32-28	6248-6250	és	_	_	_	_	_	_	_	_	_	_	_	_	_	_	_	_	_	_	_	\[/Cnj\]	CONJ	és	_	_	_	CONJ	basic	32-27	_	_	
32-29	6251-6252	a	*	*	*	*	*	*	*	*	*	*	*	*	Art	*	*	*	Definite=Def\|PronType=Art	*	*	\[/Det\|Art.Def\]	DET	a	_	_	_	DET	basic	32-30	_	_	
32-30	6253-6266	vállalatoknak	*	*	Dat	*	*	*	*	*	*	Plur	*	*	*	*	*	*	Case=Dat\|Number=Plur	*	*	\[/N\]\[Pl\]\[Dat\]	NOUN	vállalat	_	_	_	COORD	basic	32-28	_	_	
32-31	6267-6268	.	_	_	_	_	_	_	_	_	_	_	_	_	_	_	_	_	_	_	_	\[Punct\]	PUNCT	.	_	_	_	PUNCT	basic	32-31	_	_	

#Text=EU-s pénzek Mindent összevetve egyelőre pontosnak tűnik az a jóslat , miszerint bár Meloni populista társaihoz hasonlóan részben a „ brüsszeli bürokrácia ” és a nemzeti identitást elnyomó Európai Unió elleni tirádákkal építette fel magát , az általa vezetett koalíció nem fogja felforgatni Olaszországot és Európát .
33-1	6269-6273	EU-s	*	*	Nom	*	Pos	*	*	*	*	Sing	*	*	*	*	*	*	Case=Nom\|Degree=Pos\|Number=Sing	*	*	\[/Adj\]\[Nom\]	ADJ	EU-s	_	_	_	ATT	basic	33-2	_	_	
33-2	6274-6280	pénzek	*	*	Nom	*	*	*	*	*	*	Plur	*	*	*	*	*	*	Case=Nom\|Number=Plur	*	*	\[/N\]\[Pl\]\[Nom\]	NOUN	pénz	_	_	_	SUBJ	basic	33-7	_	_	
33-3	6281-6288	Mindent	*	*	Acc	*	*	*	*	*	*	Sing	3	*	Tot	*	*	*	Case=Acc\|Number=Sing\|Person=3\|PronType=Tot	*	*	\[/N\|Pro\]\[Acc\]	PRON	minden	_	_	_	OBJ	basic	33-7	_	_	
33-4	6289-6299	összevetve	*	*	*	*	*	*	*	*	*	*	*	*	*	*	*	*	VerbForm=Trans	Trans	*	\[/V\]\[\_AdvPtcp/Adv\]	ADV	összevet	_	_	_	MODE	basic	33-6	_	_	
33-5	6300-6308	egyelőre	_	_	_	_	_	_	_	_	_	_	_	_	_	_	_	_	_	_	_	\[/Adv\]	ADV	egyelőre	_	_	_	MODE	basic	33-6	_	_	
33-6	6309-6318	pontosnak	*	*	Dat	*	Pos	*	*	*	*	Sing	*	*	*	*	*	*	Case=Dat\|Degree=Pos\|Number=Sing	*	*	\[/Adj\]\[Dat\]	ADJ	pontos	_	_	_	DAT	basic	33-7	_	_	
33-7	6319-6324	tűnik	*	*	*	*	*	*	Ind	*	*	Sing	3	*	*	*	Pres	*	Definite=Ind\|Mood=Ind\|Number=Sing\|Person=3\|Tense=Pres\|VerbForm=Fin\|Voice=Act	Fin	Act	\[/V\]\[Prs.NDef.3Sg\]	VERB	tűnik	_	_	_	ROOT	basic	33-7	_	_	
33-8	6325-6327	az	*	*	Nom	*	*	*	*	*	*	Sing	3	*	Dem	*	*	*	Case=Nom\|Number=Sing\|Person=3\|PronType=Dem	*	*	\[/Det\|Pro\]\[Nom\]	PRON	az	_	_	_	DET	basic	33-10	_	_	
33-9	6328-6329	a	*	*	*	*	*	*	*	*	*	*	*	*	Art	*	*	*	Definite=Def\|PronType=Art	*	*	\[/Det\|Art.Def\]	DET	a	_	_	_	DET	basic	33-10	_	_	
33-10	6330-6336	jóslat	*	*	Nom	*	*	*	*	*	*	Sing	*	*	*	*	*	*	Case=Nom\|Number=Sing	*	*	\[/N\]\[Nom\]	NOUN	jóslat	_	_	_	SUBJ	basic	33-7	_	_	
33-11	6337-6338	,	_	_	_	_	_	_	_	_	_	_	_	_	_	_	_	_	_	_	_	\[Punct\]	PUNCT	,	_	_	_	PUNCT	basic	33-7	_	_	
33-12	6339-6348	miszerint	_	_	_	_	_	_	_	_	_	_	_	_	_	_	_	_	_	_	_	\[/Cnj\]	CONJ	miszerint	_	_	_	CONJ	basic	33-7	_	_	
33-13	6349-6352	bár	_	_	_	_	_	_	_	_	_	_	_	_	_	_	_	_	_	_	_	\[/Cnj\]	SCONJ	bár	_	_	_	CONJ	basic	33-42	_	_	
33-14	6353-6359	Meloni	*	*	Nom	*	*	*	*	*	*	Sing	*	*	*	*	*	*	Case=Nom\|Number=Sing	*	*	\[/N\]\[Nom\]	PROPN	Meloni	_	_	_	ATT	basic	33-16	_	_	
33-15	6360-6369	populista	*	*	Nom	*	Pos	*	*	*	*	Sing	*	*	*	*	*	*	Case=Nom\|Degree=Pos\|Number=Sing	*	*	\[/Adj\]\[Nom\]	ADJ	populista	_	_	_	ATT	basic	33-16	_	_	
33-16	6370-6379	társaihoz	*	*	All	*	*	*	*	*	*	Plur	*	*	*	*	*	*	Case=All\|Number=Plur\|Number\[psor\]=Sing\|Person\[psor\]=3	*	*	\[/N\]\[Pl.Poss.3Sg\]\[All\]	NOUN	társ	_	_	_	OBL	basic	33-17	_	_	
33-17	6380-6389	hasonlóan	*	*	Ess	*	Pos	*	*	*	*	Sing	*	*	*	*	*	*	Case=Ess\|Degree=Pos\|Number=Sing	*	*	\[/Adj\]\[\_Manner/Adv\]	ADJ	hasonló	_	_	_	MODE	basic	33-33	_	_	
33-18	6390-6397	részben	_	_	_	_	_	_	_	_	_	_	_	_	_	_	_	_	_	_	_	\[/Adv\]	ADV	részben	_	_	_	MODE	basic	33-33	_	_	
33-19	6398-6399	a	*	*	*	*	*	*	*	*	*	*	*	*	Art	*	*	*	Definite=Def\|PronType=Art	*	*	\[/Det\|Art.Def\]	DET	a	_	_	_	DET	basic	33-20	_	_	
33-20	6400-6401	„	*	*	Nom	*	*	*	*	*	*	Sing	*	*	*	*	*	*	Case=Nom\|Number=Sing	*	*	\[/N\]\[Nom\]	NOUN	„	_	_	_	SUBJ	basic	33-33	_	_	
33-21	6402-6411	brüsszeli	*	*	Nom	*	Pos	*	*	*	*	Sing	*	*	*	*	*	*	Case=Nom\|Degree=Pos\|Number=Sing	*	*	\[/Adj\]\[Nom\]	ADJ	brüsszeli	_	_	_	ATT	basic	33-22	_	_	
33-22	6412-6422	bürokrácia	*	*	Nom	*	*	*	*	*	*	Sing	*	*	*	*	*	*	Case=Nom\|Number=Sing	*	*	\[/N\]\[Nom\]	NOUN	bürokrácia	_	_	_	ATT	basic	33-38	_	_	
33-23	6423-6424	”	_	_	_	_	_	_	_	_	_	_	_	_	_	_	_	_	_	_	_	\[Punct\]	PUNCT	”	_	_	_	PUNCT	basic	33-22	_	_	
33-24	6425-6427	és	_	_	_	_	_	_	_	_	_	_	_	_	_	_	_	_	_	_	_	\[/Cnj\]	CONJ	és	_	_	_	CONJ	basic	33-22	_	_	
33-25	6428-6429	a	*	*	*	*	*	*	*	*	*	*	*	*	Art	*	*	*	Definite=Def\|PronType=Art	*	*	\[/Det\|Art.Def\]	DET	a	_	_	_	DET	basic	33-27	_	_	
33-26	6430-6437	nemzeti	*	*	Nom	*	Pos	*	*	*	*	Sing	*	*	*	*	*	*	Case=Nom\|Degree=Pos\|Number=Sing	*	*	\[/Adj\]\[Nom\]	ADJ	nemzeti	_	_	_	ATT	basic	33-27	_	_	
33-27	6438-6448	identitást	*	*	Acc	*	*	*	*	*	*	Sing	*	*	*	*	*	*	Case=Acc\|Number=Sing	*	*	\[/N\]\[Acc\]	NOUN	identitás	_	_	_	OBJ	basic	33-28	_	_	
33-28	6449-6456	elnyomó	*	*	Nom	*	Pos	*	*	*	*	Sing	*	*	*	*	*	*	Case=Nom\|Degree=Pos\|Number=Sing	*	*	\[/Adj\]\[Nom\]	ADJ	elnyomó	_	_	_	ATT	basic	33-30	_	_	
33-29	6457-6464	Európai	*	*	Nom	*	Pos	*	*	*	*	Sing	*	*	*	*	*	*	Case=Nom\|Degree=Pos\|Number=Sing	*	*	\[/Adj\]\[Nom\]	ADJ	európai	_	_	_	ATT	basic	33-30	_	_	
33-30	6465-6469	Unió	*	*	Nom	*	*	*	*	*	*	Sing	*	*	*	*	*	*	Case=Nom\|Number=Sing	*	*	\[/N\]\[Nom\]	NOUN	unió	_	_	_	COORD	basic	33-24	_	_	
33-31	6470-6476	elleni	*	*	Nom	*	Pos	*	*	*	*	Sing	*	*	*	*	*	*	Case=Nom\|Degree=Pos\|Number=Sing	*	*	\[/Adj\]\[Nom\]	ADJ	elleni	_	_	_	ATT	basic	33-32	_	_	
33-32	6477-6487	tirádákkal	*	*	Ins	*	*	*	*	*	*	Plur	*	*	*	*	*	*	Case=Ins\|Number=Plur	*	*	\[/N\]\[Pl\]\[Ins\]	NOUN	tiráda	_	_	_	OBL	basic	33-33	_	_	
33-33	6488-6496	építette	*	*	*	*	*	*	Ind	*	*	Sing	3	*	*	*	Past	*	Definite=Def\|Mood=Ind\|Number=Sing\|Person=3\|Tense=Past\|VerbForm=Fin\|Voice=Act	Fin	Act	\[/V\]\[Pst.Def.3Sg\]	VERB	épít	_	_	_	ATT	basic	33-13	_	_	
33-34	6497-6500	fel	_	_	_	_	_	_	_	_	_	_	_	_	_	_	_	_	_	_	_	\[/Prev\]	ADV	fel	_	_	_	PREVERB	basic	33-33	_	_	
33-35	6501-6506	magát	*	*	Acc	*	*	*	*	*	*	Sing	3	*	*	Yes	*	*	Case=Acc\|Number=Sing\|Person=3\|Reflex=Yes	*	*	\[/N\|Pro\]\[3Sg\]\[Acc\]	PRON	maga	_	_	_	OBJ	basic	33-33	_	_	
33-36	6507-6508	,	_	_	_	_	_	_	_	_	_	_	_	_	_	_	_	_	_	_	_	\[Punct\]	PUNCT	,	_	_	_	PUNCT	basic	33-33	_	_	
33-37	6509-6511	az	*	*	*	*	*	*	*	*	*	*	*	*	Art	*	*	*	Definite=Def\|PronType=Art	*	*	\[/Det\|Art.Def\]	DET	az	_	_	_	DET	basic	33-40	_	_	
33-38	6512-6518	általa	_	_	_	_	_	_	_	_	_	_	_	_	_	_	_	_	_	_	_	\[/Post\]\[3Sg\]	ADP	által	_	_	_	MODE	basic	33-39	_	_	
33-39	6519-6527	vezetett	*	*	Nom	*	Pos	*	*	*	*	Sing	*	*	*	*	*	*	Case=Nom\|Degree=Pos\|Number=Sing	*	*	\[/Adj\]\[Nom\]	ADJ	vezetett	_	_	_	ATT	basic	33-40	_	_	
33-40	6528-6536	koalíció	*	*	Nom	*	*	*	*	*	*	Sing	*	*	*	*	*	*	Case=Nom\|Number=Sing	*	*	\[/N\]\[Nom\]	NOUN	koalíció	_	*	PRA	SUBJ	basic	33-42	tr	33-43	
33-41	6537-6540	nem	*	*	*	*	*	*	*	*	*	*	*	*	Neg	*	*	*	PronType=Neg	*	*	\[/Adv\]	ADV	nem	_	_	_	NEG	basic	33-42	_	_	
33-42	6541-6546	fogja	*	*	*	*	*	*	Ind	*	*	Sing	3	*	*	*	Pres	*	Definite=Def\|Mood=Ind\|Number=Sing\|Person=3\|Tense=Pres\|VerbForm=Fin\|Voice=Act	Fin	Act	\[/V\]\[Prs.Def.3Sg\]	VERB	fog	_	_	_	COORD	basic	33-12	_	_	
33-43	6547-6558	felforgatni	*	*	*	*	*	*	*	*	*	*	*	*	*	*	*	*	VerbForm=Inf\|Voice=Cau	Inf	Cau	\[/V\]\[\_Caus/V\]\[Inf\]	VERB	felforog	Pmet	*	PRW	INF	basic	33-42	_	_	
33-44	6559-6572	Olaszországot	*	*	Acc	*	*	*	*	*	*	Sing	*	*	*	*	*	*	Case=Acc\|Number=Sing	*	*	\[/N\]\[Acc\]	PROPN	Olaszország	_	*	PRA	OBJ	basic	33-43	lm	33-43	
33-45	6573-6575	és	_	_	_	_	_	_	_	_	_	_	_	_	_	_	_	_	_	_	_	\[/Cnj\]	CONJ	és	_	_	_	CONJ	basic	33-44	_	_	
33-46	6576-6583	Európát	*	*	Acc	*	*	*	*	*	*	Sing	*	*	*	*	*	*	Case=Acc\|Number=Sing	*	*	\[/N\]\[Acc\]	PROPN	Európa	_	*	PRA	COORD	basic	33-45	lm	33-43	
33-47	6584-6585	.	_	_	_	_	_	_	_	_	_	_	_	_	_	_	_	_	_	_	_	\[Punct\]	PUNCT	.	_	_	_	PUNCT	basic	33-47	_	_	

#Text=Szavak mellett ezt gesztusokkal is próbálta bizonyítani : a külügyminiszteri tárcát ugyanis annak az Antonio Tajaninak , Berlusconi párttársának adta , aki 2017 és 2019 között az Európai Parlament elnöke volt .
34-1	6586-6592	Szavak	*	*	Nom	*	*	*	*	*	*	Plur	*	*	*	*	*	*	Case=Nom\|Number=Plur	*	*	\[/N\]\[Pl\]\[Nom\]	NOUN	szó	_	_	_	ATT	basic	34-2	_	_	
34-2	6593-6600	mellett	_	_	_	_	_	_	_	_	_	_	_	_	_	_	_	_	_	_	_	\[/Post\]	ADP	mellett	_	_	_	MODE	basic	34-6	_	_	
34-3	6601-6604	ezt	*	*	Acc	*	*	*	*	*	*	Sing	3	*	Dem	*	*	*	Case=Acc\|Number=Sing\|Person=3\|PronType=Dem	*	*	\[/Det\|Pro\]\[Acc\]	PRON	ez	_	_	_	OBJ	basic	34-7	_	_	
34-4	6605-6617	gesztusokkal	*	*	Ins	*	*	*	*	*	*	Plur	*	*	*	*	*	*	Case=Ins\|Number=Plur	*	*	\[/N\]\[Pl\]\[Ins\]	NOUN	gesztus	_	_	_	OBL	basic	34-7	_	_	
34-5	6618-6620	is	_	_	_	_	_	_	_	_	_	_	_	_	_	_	_	_	_	_	_	\[/Adv\]	ADV	is	_	_	_	MODE	basic	34-4	_	_	
34-6	6621-6629	próbálta	*	*	*	*	*	*	Ind	*	*	Sing	3	*	*	*	Past	*	Definite=Def\|Mood=Ind\|Number=Sing\|Person=3\|Tense=Past\|VerbForm=Fin\|Voice=Act	Fin	Act	\[/V\]\[Pst.Def.3Sg\]	VERB	próbál	_	_	_	ROOT	basic	34-6	_	_	
34-7	6630-6641	bizonyítani	*	*	*	*	*	*	*	*	*	*	*	*	*	*	*	*	VerbForm=Inf\|Voice=Act	Inf	Act	\[/V\]\[Inf\]	VERB	bizonyít	_	_	_	INF	basic	34-6	_	_	
34-8	6642-6643	:	_	_	_	_	_	_	_	_	_	_	_	_	_	_	_	_	_	_	_	\[Punct\]	PUNCT	:	_	_	_	PUNCT	basic	34-6	_	_	
34-9	6644-6645	a	*	*	*	*	*	*	*	*	*	*	*	*	Art	*	*	*	Definite=Def\|PronType=Art	*	*	\[/Det\|Art.Def\]	DET	a	_	_	_	DET	basic	34-11	_	_	
34-10	6646-6662	külügyminiszteri	*	*	Nom	*	Pos	*	*	*	*	Sing	*	*	*	*	*	*	Case=Nom\|Degree=Pos\|Number=Sing	*	*	\[/Adj\]\[Nom\]	ADJ	külügyminiszteri	_	_	_	ATT	basic	34-11	_	_	
34-11	6663-6669	tárcát	*	*	Acc	*	*	*	*	*	*	Sing	*	*	*	*	*	*	Case=Acc\|Number=Sing	*	*	\[/N\]\[Acc\]	NOUN	tárca	_	_	_	OBJ	basic	34-20	_	_	
34-12	6670-6677	ugyanis	_	_	_	_	_	_	_	_	_	_	_	_	_	_	_	_	_	_	_	\[/Cnj\]	CONJ	ugyanis	_	_	_	CONJ	basic	34-20	_	_	
34-13	6678-6683	annak	*	*	Dat	*	*	*	*	*	*	Sing	3	*	Dem	*	*	*	Case=Dat\|Number=Sing\|Person=3\|PronType=Dem	*	*	\[/Det\|Pro\]\[Dat\]	PRON	az	_	_	_	DAT	basic	34-20	_	_	
34-14	6684-6686	az	*	*	*	*	*	*	*	*	*	*	*	*	Art	*	*	*	Definite=Def\|PronType=Art	*	*	\[/Det\|Art.Def\]	DET	az	_	_	_	DET	basic	34-16	_	_	
34-15	6687-6694	Antonio	*	*	Nom	*	*	*	*	*	*	Sing	*	*	*	*	*	*	Case=Nom\|Number=Sing	*	*	\[/N\]\[Nom\]	PROPN	Antonio	_	_	_	NE	basic	34-16	_	_	
34-16	6695-6704	Tajaninak	*	*	Nom	*	*	*	*	*	*	Sing	*	*	*	*	*	*	Case=Nom\|Number=Sing	*	*	\[/N\]\[Nom\]	PROPN	Tajaninak	_	_	_	ATT	basic	34-19	_	_	
34-17	6705-6706	,	_	_	_	_	_	_	_	_	_	_	_	_	_	_	_	_	_	_	_	\[Punct\]	PUNCT	,	_	_	_	PUNCT	basic	34-16	_	_	
34-18	6707-6717	Berlusconi	*	*	Nom	*	*	*	*	*	*	Sing	*	*	*	*	*	*	Case=Nom\|Number=Sing	*	*	\[/N\]\[Nom\]	PROPN	Berlusconi	_	_	_	COORD	basic	34-16	_	_	
34-19	6718-6730	párttársának	*	*	Dat	*	*	*	*	*	*	Sing	*	*	*	*	*	*	Case=Dat\|Number=Sing\|Number\[psor\]=Sing\|Person\[psor\]=3	*	*	\[/N\]\[Poss.3Sg\]\[Dat\]	NOUN	párttárs	_	_	_	DAT	basic	34-20	_	_	
34-20	6731-6735	adta	*	*	*	*	*	*	Ind	*	*	Sing	3	*	*	*	Past	*	Definite=Def\|Mood=Ind\|Number=Sing\|Person=3\|Tense=Past\|VerbForm=Fin\|Voice=Act	Fin	Act	\[/V\]\[Pst.Def.3Sg\]	VERB	ad	_	_	_	COORD	basic	34-6	_	_	
34-21	6736-6737	,	_	_	_	_	_	_	_	_	_	_	_	_	_	_	_	_	_	_	_	\[Punct\]	PUNCT	,	_	_	_	PUNCT	basic	34-20	_	_	
34-22	6738-6741	aki	*	*	Nom	*	*	*	*	*	*	Sing	3	*	Rel	*	*	*	Case=Nom\|Number=Sing\|Person=3\|PronType=Rel	*	*	\[/N\|Pro\|Rel\]\[Nom\]	PRON	aki	_	_	_	SUBJ	basic	34-31	_	_	
34-23	6742-6746	2017	*	*	Nom	*	*	*	*	*	Card	Sing	*	*	*	*	*	*	Case=Nom\|Number=Sing\|NumType=Card	*	*	\[/Num\|Digit\]\[Nom\]	NUM	2017	_	_	_	ATT	basic	34-26	_	_	
34-24	6747-6749	és	_	_	_	_	_	_	_	_	_	_	_	_	_	_	_	_	_	_	_	\[/Cnj\]	CONJ	és	_	_	_	CONJ	basic	34-23	_	_	
34-25	6750-6754	2019	*	*	Nom	*	*	*	*	*	Card	Sing	*	*	*	*	*	*	Case=Nom\|Number=Sing\|NumType=Card	*	*	\[/Num\|Digit\]\[Nom\]	NUM	2019	_	_	_	COORD	basic	34-24	_	_	
34-26	6755-6761	között	_	_	_	_	_	_	_	_	_	_	_	_	_	_	_	_	_	_	_	\[/Post\]	ADP	között	_	_	_	TLOCY	basic	34-31	_	_	
34-27	6762-6764	az	*	*	*	*	*	*	*	*	*	*	*	*	Art	*	*	*	Definite=Def\|PronType=Art	*	*	\[/Det\|Art.Def\]	DET	az	_	_	_	DET	basic	34-29	_	_	
34-28	6765-6772	Európai	*	*	Nom	*	Pos	*	*	*	*	Sing	*	*	*	*	*	*	Case=Nom\|Degree=Pos\|Number=Sing	*	*	\[/Adj\]\[Nom\]	ADJ	európai	_	_	_	ATT	basic	34-29	_	_	
34-29	6773-6782	Parlament	*	*	Nom	*	*	*	*	*	*	Sing	*	*	*	*	*	*	Case=Nom\|Number=Sing	*	*	\[/N\]\[Nom\]	NOUN	parlament	_	_	_	ATT	basic	34-30	_	_	
34-30	6783-6789	elnöke	*	*	Nom	*	*	*	*	*	*	Sing	*	*	*	*	*	*	Case=Nom\|Number=Sing\|Number\[psor\]=Sing\|Person\[psor\]=3	*	*	\[/N\]\[Poss.3Sg\]\[Nom\]	NOUN	elnök	_	_	_	PRED	basic	34-31	_	_	
34-31	6790-6794	volt	*	*	*	*	*	*	Ind	*	*	Sing	3	*	*	*	Past	*	Definite=Ind\|Mood=Ind\|Number=Sing\|Person=3\|Tense=Past\|VerbForm=Fin\|Voice=Act	Fin	Act	\[/V\]\[Pst.NDef.3Sg\]	VERB	van	_	_	_	ATT	basic	34-20	_	_	
34-32	6795-6796	.	_	_	_	_	_	_	_	_	_	_	_	_	_	_	_	_	_	_	_	\[Punct\]	PUNCT	.	_	_	_	PUNCT	basic	34-32	_	_	

#Text=Ennek vélhetően az lehet a legfőbb oka , hogy Olaszország a 750 milliárd eurós uniós gazdaságélénkítő csomag legnagyobb kedvezményezettje : nagyjából 200 milliárdot kaphat a közös hitelfelvételből származó forrásokból .
35-1	6797-6802	Ennek	*	*	Dat	*	*	*	*	*	*	Sing	3	*	Dem	*	*	*	Case=Dat\|Number=Sing\|Person=3\|PronType=Dem	*	*	\[/Det\|Pro\]\[Dat\]	PRON	ez	_	_	_	DAT	basic	35-2	_	_	
35-2	6803-6812	vélhetően	*	*	Ess	*	Pos	*	*	*	*	Sing	*	*	*	*	*	*	Case=Ess\|Degree=Pos\|Number=Sing	*	*	\[/Adj\]\[\_Manner/Adv\]	ADJ	vélhető	_	_	_	MODE	basic	35-4	_	_	
35-3	6813-6815	az	*	*	*	*	*	*	*	*	*	*	*	*	Art	*	*	*	Definite=Def\|PronType=Art	*	*	\[/Det\|Art.Def\]	DET	az	_	_	_	DET	basic	35-10	_	_	
35-4	6816-6821	lehet	*	*	*	*	*	*	Pot	*	*	Sing	3	*	*	*	Pres	*	Definite=Ind\|Mood=Pot\|Number=Sing\|Person=3\|Tense=Pres\|VerbForm=Fin\|Voice=Act	Fin	Act	\[/V\]\[\_Mod/V\]\[Prs.NDef.3Sg\]	VERB	van	_	_	_	ROOT	basic	35-4	_	_	
35-5	6822-6823	a	*	*	*	*	*	*	*	*	*	*	*	*	Art	*	*	*	Definite=Def\|PronType=Art	*	*	\[/Det\|Art.Def\]	DET	a	_	_	_	DET	basic	35-7	_	_	
35-6	6824-6831	legfőbb	*	*	Nom	*	Sup	*	*	*	*	Sing	*	*	*	*	*	*	Case=Nom\|Degree=Sup\|Number=Sing	*	*	\[/Supl\]\[/Adj\]\[\_Comp/Adj\]\[Nom\]	ADJ	fő	_	_	_	ATT	basic	35-7	_	_	
35-7	6832-6835	oka	*	*	Nom	*	*	*	*	*	*	Sing	*	*	*	*	*	*	Case=Nom\|Number=Sing\|Number\[psor\]=Sing\|Person\[psor\]=3	*	*	\[/N\]\[Poss.3Sg\]\[Nom\]	NOUN	ok	_	_	_	SUBJ	basic	35-4	_	_	
35-8	6836-6837	,	_	_	_	_	_	_	_	_	_	_	_	_	_	_	_	_	_	_	_	\[Punct\]	PUNCT	,	_	_	_	PUNCT	basic	35-4	_	_	
35-9	6838-6842	hogy	_	_	_	_	_	_	_	_	_	_	_	_	_	_	_	_	_	_	_	\[/Cnj\]	SCONJ	hogy	_	_	_	CONJ	basic	35-4	_	_	
35-10	6843-6854	Olaszország	*	*	Nom	*	*	*	*	*	*	Sing	*	*	*	*	*	*	Case=Nom\|Number=Sing	*	*	\[/N\]\[Nom\]	PROPN	Olaszország	_	*	PRA	SUBJ	basic	35-24	tr	35-19	
35-11	6855-6856	a	*	*	*	*	*	*	*	*	*	*	*	*	Art	*	*	*	Definite=Def\|PronType=Art	*	*	\[/Det\|Art.Def\]	DET	a	_	_	_	DET	basic	35-17	_	_	
35-12	6857-6860	750	*	*	Nom	*	*	*	*	*	Card	Sing	*	*	*	*	*	*	Case=Nom\|Number=Sing\|NumType=Card	*	*	\[/Num\|Digit\]\[Nom\]	NUM	750	_	_	_	NUM	basic	35-13	_	_	
35-13	6861-6869	milliárd	*	*	Nom	*	*	*	*	*	Card	Sing	*	*	*	*	*	*	Case=Nom\|Number=Sing\|NumType=Card	*	*	\[/Num\]\[Nom\]	NUM	milliárd	_	_	_	ATT	basic	35-14	_	_	
35-14	6870-6875	eurós	*	*	Nom	*	Pos	*	*	*	*	Sing	*	*	*	*	*	*	Case=Nom\|Degree=Pos\|Number=Sing	*	*	\[/Adj\]\[Nom\]	ADJ	eurós	_	_	_	ATT	basic	35-15	_	_	
35-15	6876-6881	uniós	*	*	Nom	*	Pos	*	*	*	*	Sing	*	*	*	*	*	*	Case=Nom\|Degree=Pos\|Number=Sing	*	*	\[/Adj\]\[Nom\]	ADJ	uniós	_	_	_	ATT	basic	35-17	_	_	
35-16	6882-6898	gazdaságélénkítő	*	*	Nom	*	Pos	*	*	*	*	Sing	*	*	*	*	*	*	Case=Nom\|Degree=Pos\|Number=Sing	*	*	\[/Adj\]\[Nom\]	ADJ	gazdaságélénkítő	_	_	_	ATT	basic	35-17	_	_	
35-17	6899-6905	csomag	*	*	Nom	*	*	*	*	*	*	Sing	*	*	*	*	*	*	Case=Nom\|Number=Sing	*	*	\[/N\]\[Nom\]	NOUN	csomag	_	_	_	ATT	basic	35-19	_	_	
35-18	6906-6916	legnagyobb	*	*	Nom	*	Sup	*	*	*	*	Sing	*	*	*	*	*	*	Case=Nom\|Degree=Sup\|Number=Sing	*	*	\[/Supl\]\[/Adj\]\[\_Comp/Adj\]\[Nom\]	ADJ	nagy	_	_	_	ATT	basic	35-19	_	_	
35-19	6917-6934	kedvezményezettje	*	*	Nom	*	Pos	*	*	*	*	Sing	*	*	*	*	*	*	Case=Nom\|Degree=Pos\|Number=Sing\|Number\[psor\]=Sing\|Person\[psor\]=3	*	*	\[/Adj\]\[Poss.3Sg\]\[Nom\]	ADJ	kedvezményezett	Pmet	*	PRW	OBL	basic	35-23	_	_	
35-20	6935-6936	:	_	_	_	_	_	_	_	_	_	_	_	_	_	_	_	_	_	_	_	\[Punct\]	PUNCT	:	_	_	_	PUNCT	basic	35-19	_	_	
35-21	6937-6946	nagyjából	_	_	_	_	_	_	_	_	_	_	_	_	_	_	_	_	_	_	_	\[/Adv\]	ADV	nagyjából	_	_	_	MODE	basic	35-23	_	_	
35-22	6947-6950	200	*	*	Nom	*	*	*	*	*	Card	Sing	*	*	*	*	*	*	Case=Nom\|Number=Sing\|NumType=Card	*	*	\[/Num\|Digit\]\[Nom\]	NUM	200	_	_	_	NUM	basic	35-23	_	_	
35-23	6951-6961	milliárdot	*	*	Acc	*	*	*	*	*	Card	Sing	*	*	*	*	*	*	Case=Acc\|Number=Sing\|NumType=Card	*	*	\[/Num\]\[Acc\]	NUM	milliárd	_	*	PRA	OBJ	basic	35-24	lm	35-24	
35-24	6962-6968	kaphat	*	*	*	*	*	*	Pot	*	*	Sing	3	*	*	*	Pres	*	Definite=Ind\|Mood=Pot\|Number=Sing\|Person=3\|Tense=Pres\|VerbForm=Fin\|Voice=Act	Fin	Act	\[/V\]\[\_Mod/V\]\[Prs.NDef.3Sg\]	VERB	kap	Pmet	Olaszország	PRW	ATT	basic	35-9	_	_	
35-25	6969-6970	a	*	*	*	*	*	*	*	*	*	*	*	*	Art	*	*	*	Definite=Def\|PronType=Art	*	*	\[/Det\|Art.Def\]	DET	a	_	_	_	DET	basic	35-27	_	_	
35-26	6971-6976	közös	*	*	Nom	*	Pos	*	*	*	*	Sing	*	*	*	*	*	*	Case=Nom\|Degree=Pos\|Number=Sing	*	*	\[/Adj\]\[Nom\]	ADJ	közös	_	_	_	ATT	basic	35-27	_	_	
35-27	6977-6993	hitelfelvételből	*	*	Ela	*	*	*	*	*	*	Sing	*	*	*	*	*	*	Case=Ela\|Number=Sing	*	*	\[/N\]\[Ela\]	NOUN	hitelfelvétel	_	_	_	OBL	basic	35-28	_	_	
35-28	6994-7002	származó	*	*	Nom	*	Pos	*	*	*	*	Sing	*	*	*	*	*	*	Case=Nom\|Degree=Pos\|Number=Sing	*	*	\[/Adj\]\[Nom\]	ADJ	származó	_	_	_	ATT	basic	35-29	_	_	
35-29	7003-7014	forrásokból	*	*	Ela	*	*	*	*	*	*	Plur	*	*	*	*	*	*	Case=Ela\|Number=Plur	*	*	\[/N\]\[Pl\]\[Ela\]	NOUN	forrás	_	_	_	OBL	basic	35-24	_	_	
35-30	7015-7016	.	_	_	_	_	_	_	_	_	_	_	_	_	_	_	_	_	_	_	_	\[Punct\]	PUNCT	.	_	_	_	PUNCT	basic	35-30	_	_	

#Text=A pénz elköltéséről szóló programot még a Draghi-kormány idején fogadták el , és az Európai Bizottság ehhez a tervhez szeretné tartatni Olaszországot .
36-1	7017-7018	A	*	*	*	*	*	*	*	*	*	*	*	*	Art	*	*	*	Definite=Def\|PronType=Art	*	*	\[/Det\|Art.Def\]	DET	a	_	_	_	DET	basic	36-2	_	_	
36-2	7019-7023	pénz	*	*	Nom	*	*	*	*	*	*	Sing	*	*	*	*	*	*	Case=Nom\|Number=Sing	*	*	\[/N\]\[Nom\]	NOUN	pénz	_	_	_	ATT	basic	36-3	_	_	
36-3	7024-7036	elköltéséről	*	*	Del	*	*	*	*	*	*	Sing	*	*	*	*	*	*	Case=Del\|Number=Sing\|Number\[psor\]=Sing\|Person\[psor\]=3	*	*	\[/N\]\[Poss.3Sg\]\[Del\]	NOUN	elköltés	_	_	_	OBL	basic	36-4	_	_	
36-4	7037-7042	szóló	*	*	Nom	*	Pos	*	*	*	*	Sing	*	*	*	*	*	*	Case=Nom\|Degree=Pos\|Number=Sing	*	*	\[/Adj\]\[Nom\]	ADJ	szóló	_	_	_	ATT	basic	36-5	_	_	
36-5	7043-7052	programot	*	*	Acc	*	*	*	*	*	*	Sing	*	*	*	*	*	*	Case=Acc\|Number=Sing	*	*	\[/N\]\[Acc\]	NOUN	program	_	_	_	OBJ	basic	36-10	_	_	
36-6	7053-7056	még	_	_	_	_	_	_	_	_	_	_	_	_	_	_	_	_	_	_	_	\[/Adv\]	ADV	még	_	_	_	TLOCY	basic	36-10	_	_	
36-7	7057-7058	a	*	*	*	*	*	*	*	*	*	*	*	*	Art	*	*	*	Definite=Def\|PronType=Art	*	*	\[/Det\|Art.Def\]	DET	a	_	_	_	DET	basic	36-8	_	_	
36-8	7059-7073	Draghi-kormány	*	*	Nom	*	*	*	*	*	*	Sing	*	*	*	*	*	*	Case=Nom\|Number=Sing	*	*	\[/N\]\[Nom\]	PROPN	Draghi-kormány	_	_	_	ATT	basic	36-9	_	_	
36-9	7074-7080	idején	*	*	Sup	*	*	*	*	*	*	Sing	*	*	*	*	*	*	Case=Sup\|Number=Sing\|Number\[psor\]=Sing\|Person\[psor\]=3	*	*	\[/N\]\[Poss.3Sg\]\[Supe\]	NOUN	idő	_	_	_	OBL	basic	36-10	_	_	
36-10	7081-7089	fogadták	*	*	*	*	*	*	Ind	*	*	Plur	3	*	*	*	Past	*	Definite=Def\|Mood=Ind\|Number=Plur\|Person=3\|Tense=Past\|VerbForm=Fin\|Voice=Act	Fin	Act	\[/V\]\[Pst.Def.3Pl\]	VERB	fogad	_	_	_	ROOT	basic	36-10	_	_	
36-11	7090-7092	el	_	_	_	_	_	_	_	_	_	_	_	_	_	_	_	_	_	_	_	\[/Prev\]	ADV	el	_	_	_	PREVERB	basic	36-10	_	_	
36-12	7093-7094	,	_	_	_	_	_	_	_	_	_	_	_	_	_	_	_	_	_	_	_	\[Punct\]	PUNCT	,	_	_	_	PUNCT	basic	36-10	_	_	
36-13	7095-7097	és	_	_	_	_	_	_	_	_	_	_	_	_	_	_	_	_	_	_	_	\[/Cnj\]	CONJ	és	_	_	_	CONJ	basic	36-10	_	_	
36-14	7098-7100	az	*	*	*	*	*	*	*	*	*	*	*	*	Art	*	*	*	Definite=Def\|PronType=Art	*	*	\[/Det\|Art.Def\]	DET	az	_	_	_	DET	basic	36-16	_	_	
36-15	7101-7108	Európai	*	*	Nom	*	Pos	*	*	*	*	Sing	*	*	*	*	*	*	Case=Nom\|Degree=Pos\|Number=Sing	*	*	\[/Adj\]\[Nom\]	PROPN	európai	_	*[28]|*[29]	PRA[28]|PRA[29]	ATT	basic	36-16	tr|tr	36-21[30_28]|36-20[0_29]	
36-16	7109-7118	Bizottság	*	*	Nom	*	*	*	*	*	*	Sing	*	*	*	*	*	*	Case=Nom\|Number=Sing	*	*	\[/N\]\[Nom\]	PROPN	bizottság	_	*[28]|*[29]	PRA[28]|PRA[29]	SUBJ	basic	36-20	_	_	
36-17	7119-7124	ehhez	*	*	All	*	*	*	*	*	*	Sing	3	*	Dem	*	*	*	Case=All\|Number=Sing\|Person=3\|PronType=Dem	*	*	\[/Det\|Pro\]\[All\]	PRON	ez	_	_	_	OBL	basic	36-19	_	_	
36-18	7125-7126	a	*	*	*	*	*	*	*	*	*	*	*	*	Art	*	*	*	Definite=Def\|PronType=Art	*	*	\[/Det\|Art.Def\]	DET	a	_	_	_	DET	basic	36-19	_	_	
36-19	7127-7134	tervhez	*	*	All	*	*	*	*	*	*	Sing	*	*	*	*	*	*	Case=All\|Number=Sing	*	*	\[/N\]\[All\]	NOUN	terv	_	*	PRA	OBL	basic	36-21	lm	36-21[30_0]	
36-20	7135-7143	szeretné	*	*	*	*	*	*	Cnd	*	*	Sing	3	*	*	*	Pres	*	Definite=Def\|Mood=Cnd\|Number=Sing\|Person=3\|Tense=Pres\|VerbForm=Fin\|Voice=Act	Fin	Act	\[/V\]\[Cond.Def.3Sg\]	VERB	szeret	Pmet	*	PRW	COORD	basic	36-13	_	_	
36-21	7144-7152	tartatni	*	*	*	*	*	*	*	*	*	*	*	*	*	*	*	*	VerbForm=Inf\|Voice=Cau	Inf	Cau	\[/V\]\[\_Caus/V\]\[Inf\]	VERB	tart	Pmet	*[30]|*[31]	PRW[30]|PRA[31]	INF	basic	36-20	lm	36-20[0_31]	
36-22	7153-7166	Olaszországot	*	*	Acc	*	*	*	*	*	*	Sing	*	*	*	*	*	*	Case=Acc\|Number=Sing	*	*	\[/N\]\[Acc\]	PROPN	Olaszország	_	*	PRA	OBJ	basic	36-21	lm	36-21[30_0]	
36-23	7167-7168	.	_	_	_	_	_	_	_	_	_	_	_	_	_	_	_	_	_	_	_	\[Punct\]	PUNCT	.	_	_	_	PUNCT	basic	36-23	_	_	

#Text=Meloni ugyan korábban felvetette , hogy szeretne kisebb változtatásokat , de azt is leszögezte , hogy erre a pénzre szüksége van Olaszországnak , azaz vélhetően nem akar komoly csatákat vállalni .
37-1	7169-7175	Meloni	*	*	Nom	*	*	*	*	*	*	Sing	*	*	*	*	*	*	Case=Nom\|Number=Sing	*	*	\[/N\]\[Nom\]	PROPN	Meloni	_	_	_	SUBJ	basic	37-4	_	_	
37-2	7176-7181	ugyan	_	_	_	_	_	_	_	_	_	_	_	_	_	_	_	_	_	_	_	\[/Adv\]	ADV	ugyan	_	_	_	MODE	basic	37-4	_	_	
37-3	7182-7190	korábban	_	_	_	_	_	_	_	_	_	_	_	_	_	_	_	_	_	_	_	\[/Adv\]	ADV	korábban	_	_	_	MODE	basic	37-4	_	_	
37-4	7191-7201	felvetette	*	*	*	*	*	*	Ind	*	*	Sing	3	*	*	*	Past	*	Definite=Def\|Mood=Ind\|Number=Sing\|Person=3\|Tense=Past\|VerbForm=Fin\|Voice=Cau	Fin	Cau	\[/V\]\[\_Caus/V\]\[Pst.Def.3Sg\]	VERB	felvesz	_	_	_	ROOT	basic	37-4	_	_	
37-5	7202-7203	,	_	_	_	_	_	_	_	_	_	_	_	_	_	_	_	_	_	_	_	\[Punct\]	PUNCT	,	_	_	_	PUNCT	basic	37-4	_	_	
37-6	7204-7208	hogy	_	_	_	_	_	_	_	_	_	_	_	_	_	_	_	_	_	_	_	\[/Cnj\]	SCONJ	hogy	_	_	_	CONJ	basic	37-4	_	_	
37-7	7209-7217	szeretne	*	*	*	*	*	*	Cnd	*	*	Sing	3	*	*	*	Pres	*	Definite=Ind\|Mood=Cnd\|Number=Sing\|Person=3\|Tense=Pres\|VerbForm=Fin\|Voice=Act	Fin	Act	\[/V\]\[Cond.NDef.3Sg\]	VERB	szeret	_	_	_	ATT	basic	37-6	_	_	
37-8	7218-7224	kisebb	*	*	Nom	*	Cmp	*	*	*	*	Sing	*	*	*	*	*	*	Case=Nom\|Degree=Cmp\|Number=Sing	*	*	\[/Adj\]\[\_Comp/Adj\]\[Nom\]	ADJ	kicsi	_	_	_	ATT	basic	37-9	_	_	
37-9	7225-7240	változtatásokat	*	*	Acc	*	*	*	*	*	*	Plur	*	*	*	*	*	*	Case=Acc\|Number=Plur	*	*	\[/N\]\[Pl\]\[Acc\]	NOUN	változtatás	_	_	_	OBJ	basic	37-7	_	_	
37-10	7241-7242	,	_	_	_	_	_	_	_	_	_	_	_	_	_	_	_	_	_	_	_	\[Punct\]	PUNCT	,	_	_	_	PUNCT	basic	37-7	_	_	
37-11	7243-7245	de	_	_	_	_	_	_	_	_	_	_	_	_	_	_	_	_	_	_	_	\[/Cnj\]	CONJ	de	_	_	_	CONJ	basic	37-4	_	_	
37-12	7246-7249	azt	*	*	Acc	*	*	*	*	*	*	Sing	3	*	Dem	*	*	*	Case=Acc\|Number=Sing\|Person=3\|PronType=Dem	*	*	\[/Det\|Pro\]\[Acc\]	PRON	az	_	_	_	OBJ	basic	37-14	_	_	
37-13	7250-7252	is	_	_	_	_	_	_	_	_	_	_	_	_	_	_	_	_	_	_	_	\[/Adv\]	ADV	is	_	_	_	MODE	basic	37-14	_	_	
37-14	7253-7263	leszögezte	*	*	*	*	*	*	Ind	*	*	Sing	3	*	*	*	Past	*	Definite=Def\|Mood=Ind\|Number=Sing\|Person=3\|Tense=Past\|VerbForm=Fin\|Voice=Act	Fin	Act	\[/V\]\[Pst.Def.3Sg\]	VERB	leszögez	_	_	_	COORD	basic	37-11	_	_	
37-15	7264-7265	,	_	_	_	_	_	_	_	_	_	_	_	_	_	_	_	_	_	_	_	\[Punct\]	PUNCT	,	_	_	_	PUNCT	basic	37-14	_	_	
37-16	7266-7270	hogy	_	_	_	_	_	_	_	_	_	_	_	_	_	_	_	_	_	_	_	\[/Cnj\]	SCONJ	hogy	_	_	_	CONJ	basic	37-14	_	_	
37-17	7271-7275	erre	*	*	Sub	*	*	*	*	*	*	Sing	3	*	Dem	*	*	*	Case=Sub\|Number=Sing\|Person=3\|PronType=Dem	*	*	\[/Det\|Pro\]\[Subl\]	PRON	ez	_	_	_	OBL	basic	37-19	_	_	
37-18	7276-7277	a	*	*	*	*	*	*	*	*	*	*	*	*	Art	*	*	*	Definite=Def\|PronType=Art	*	*	\[/Det\|Art.Def\]	DET	a	_	_	_	DET	basic	37-19	_	_	
37-19	7278-7284	pénzre	*	*	Sub	*	*	*	*	*	*	Sing	*	*	*	*	*	*	Case=Sub\|Number=Sing	*	*	\[/N\]\[Subl\]	NOUN	pénz	_	*	PRAid	OBL	basic	37-21	lm	37-20[32_0]	
37-20	7285-7293	szüksége	*	*	Nom	*	*	*	*	*	*	Sing	*	*	*	*	*	*	Case=Nom\|Number=Sing\|Number\[psor\]=Sing\|Person\[psor\]=3	*	*	\[/N\]\[Poss.3Sg\]\[Nom\]	NOUN	szükség	Pdef[3]	*[32]	PRWid[32]	SUBJ	basic	37-21	_	_	
37-21	7294-7297	van	*	*	*	*	*	*	Ind	*	*	Sing	3	*	*	*	Pres	*	Definite=Ind\|Mood=Ind\|Number=Sing\|Person=3\|Tense=Pres\|VerbForm=Fin\|Voice=Act	Fin	Act	\[/V\]\[Prs.NDef.3Sg\]	VERB	van	Pdef[3]	*[32]	PRWid[32]	ATT	basic	37-16	_	_	
37-22	7298-7312	Olaszországnak	*	*	Dat	*	*	*	*	*	*	Sing	*	*	*	*	*	*	Case=Dat\|Number=Sing	*	*	\[/N\]\[Dat\]	PROPN	Olaszország	_	*	PRA	DAT	basic	37-21	tr	37-20[32_0]	
37-23	7313-7314	,	_	_	_	_	_	_	_	_	_	_	_	_	_	_	_	_	_	_	_	\[Punct\]	PUNCT	,	_	_	_	PUNCT	basic	37-21	_	_	
37-24	7315-7319	azaz	_	_	_	_	_	_	_	_	_	_	_	_	_	_	_	_	_	_	_	\[/Cnj\]	CONJ	azaz	_	_	_	CONJ	basic	37-21	_	_	
37-25	7320-7329	vélhetően	*	*	Ess	*	Pos	*	*	*	*	Sing	*	*	*	*	*	*	Case=Ess\|Degree=Pos\|Number=Sing	*	*	\[/Adj\]\[\_Manner/Adv\]	ADJ	vélhető	_	_	_	MODE	basic	37-27	_	_	
37-26	7330-7333	nem	*	*	*	*	*	*	*	*	*	*	*	*	Neg	*	*	*	PronType=Neg	*	*	\[/Adv\]	ADV	nem	_	_	_	NEG	basic	37-27	_	_	
37-27	7334-7338	akar	*	*	*	*	*	*	Ind	*	*	Sing	3	*	*	*	Pres	*	Definite=Ind\|Mood=Ind\|Number=Sing\|Person=3\|Tense=Pres\|VerbForm=Fin\|Voice=Act	Fin	Act	\[/V\]\[Prs.NDef.3Sg\]	VERB	akar	_	_	_	COORD	basic	37-24	_	_	
37-28	7339-7345	komoly	*	*	Nom	*	Pos	*	*	*	*	Sing	*	*	*	*	*	*	Case=Nom\|Degree=Pos\|Number=Sing	*	*	\[/Adj\]\[Nom\]	ADJ	komoly	_	_	_	ATT	basic	37-29	_	_	
37-29	7346-7354	csatákat	*	*	Acc	*	*	*	*	*	*	Plur	*	*	*	*	*	*	Case=Acc\|Number=Plur	*	*	\[/N\]\[Pl\]\[Acc\]	NOUN	csata	_	_	_	OBJ	basic	37-30	_	_	
37-30	7355-7363	vállalni	*	*	*	*	*	*	*	*	*	*	*	*	*	*	*	*	VerbForm=Inf\|Voice=Act	Inf	Act	\[/V\]\[Inf\]	VERB	vállal	_	_	_	INF	basic	37-27	_	_	
37-31	7364-7365	.	_	_	_	_	_	_	_	_	_	_	_	_	_	_	_	_	_	_	_	\[Punct\]	PUNCT	.	_	_	_	PUNCT	basic	37-31	_	_	

#Text=Egyes elemzők egyenesen odáig mentek , hogy nem is Meloni pártja jelenti a fő veszélyt az EU-s és NATO-s egységre nézve .
38-1	7366-7371	Egyes	*	*	Nom	*	Pos	*	*	*	*	Sing	*	*	*	*	*	*	Case=Nom\|Degree=Pos\|Number=Sing	*	*	\[/Adj\]\[Nom\]	ADJ	egyes	_	_	_	ATT	basic	38-2	_	_	
38-2	7372-7379	elemzők	*	*	Nom	*	*	*	*	*	*	Plur	*	*	*	*	*	*	Case=Nom\|Number=Plur	*	*	\[/N\]\[Pl\]\[Nom\]	NOUN	elemző	_	_	_	SUBJ	basic	38-5	_	_	
38-3	7380-7389	egyenesen	*	*	Ess	*	Pos	*	*	*	*	Sing	*	*	*	*	*	*	Case=Ess\|Degree=Pos\|Number=Sing	*	*	\[/Adj\]\[\_Manner/Adv\]	ADJ	egyenes	_	_	_	MODE	basic	38-5	_	_	
38-4	7390-7395	odáig	*	*	Nom	*	*	*	*	*	*	Sing	3	*	Prs	*	*	*	Case=Nom\|Number=Sing\|Person=3\|PronType=Prs	*	*	\[/Adv\|Pro\]	PRON	odáig	_	_	_	SUBJ	basic	38-5	_	_	
38-5	7396-7402	mentek	*	*	*	*	*	*	Ind	*	*	Plur	2	*	*	*	Pres	*	Definite=Ind\|Mood=Ind\|Number=Plur\|Person=2\|Tense=Pres\|VerbForm=Fin\|Voice=Act	Fin	Act	\[/V\]\[Prs.NDef.2Pl\]	VERB	megy	_	_	_	ROOT	basic	38-5	_	_	
38-6	7403-7404	,	_	_	_	_	_	_	_	_	_	_	_	_	_	_	_	_	_	_	_	\[Punct\]	PUNCT	,	_	_	_	PUNCT	basic	38-5	_	_	
38-7	7405-7409	hogy	_	_	_	_	_	_	_	_	_	_	_	_	_	_	_	_	_	_	_	\[/Cnj\]	SCONJ	hogy	_	_	_	CONJ	basic	38-5	_	_	
38-8	7410-7413	nem	*	*	*	*	*	*	*	*	*	*	*	*	Neg	*	*	*	PronType=Neg	*	*	\[/Adv\]	ADV	nem	_	_	_	NEG	basic	38-12	_	_	
38-9	7414-7416	is	_	_	_	_	_	_	_	_	_	_	_	_	_	_	_	_	_	_	_	\[/Adv\]	ADV	is	_	_	_	MODE	basic	38-12	_	_	
38-10	7417-7423	Meloni	*	*	Nom	*	*	*	*	*	*	Sing	*	*	*	*	*	*	Case=Nom\|Number=Sing	*	*	\[/N\]	PROPN	Meloni	_	_	_	ATT	basic	38-11	_	_	
38-11	7424-7430	pártja	*	*	Nom	*	*	*	*	*	*	Sing	*	*	*	*	*	*	Case=Nom\|Number=Sing\|Number\[psor\]=Sing\|Person\[psor\]=3	*	*	\[/N\]\[Poss.3Sg\]\[Nom\]	NOUN	párt	_	_	_	SUBJ	basic	38-12	_	_	
38-12	7431-7438	jelenti	*	*	*	*	*	*	Ind	*	*	Sing	3	*	*	*	Pres	*	Definite=Def\|Mood=Ind\|Number=Sing\|Person=3\|Tense=Pres\|VerbForm=Fin\|Voice=Act	Fin	Act	\[/V\]\[Prs.Def.3Sg\]	VERB	jelent	_	_	_	ATT	basic	38-7	_	_	
38-13	7439-7440	a	*	*	*	*	*	*	*	*	*	*	*	*	Art	*	*	*	Definite=Def\|PronType=Art	*	*	\[/Det\|Art.Def\]	DET	a	_	_	_	DET	basic	38-15	_	_	
38-14	7441-7443	fő	*	*	Nom	*	Pos	*	*	*	*	Sing	*	*	*	*	*	*	Case=Nom\|Degree=Pos\|Number=Sing	*	*	\[/Adj\]\[Nom\]	ADJ	fő	_	_	_	ATT	basic	38-15	_	_	
38-15	7444-7452	veszélyt	*	*	Acc	*	*	*	*	*	*	Sing	*	*	*	*	*	*	Case=Acc\|Number=Sing	*	*	\[/N\]\[Acc\]	NOUN	veszély	_	_	_	OBJ	basic	38-12	_	_	
38-16	7453-7455	az	*	*	*	*	*	*	*	*	*	*	*	*	Art	*	*	*	Definite=Def\|PronType=Art	*	*	\[/Det\|Art.Def\]	DET	az	_	_	_	DET	basic	38-20	_	_	
38-17	7456-7460	EU-s	*	*	Nom	*	Pos	*	*	*	*	Sing	*	*	*	*	*	*	Case=Nom\|Degree=Pos\|Number=Sing	*	*	\[/Adj\]\[Nom\]	ADJ	EU-s	_	_	_	ATT	basic	38-20	_	_	
38-18	7461-7463	és	_	_	_	_	_	_	_	_	_	_	_	_	_	_	_	_	_	_	_	\[/Cnj\]	CONJ	és	_	_	_	CONJ	basic	38-17	_	_	
38-19	7464-7470	NATO-s	*	*	Nom	*	Pos	*	*	*	*	Sing	*	*	*	*	*	*	Case=Nom\|Degree=Pos\|Number=Sing	*	*	\[/Adj\]\[Nom\]	ADJ	NATO-s	_	_	_	COORD	basic	38-18	_	_	
38-20	7471-7479	egységre	*	*	Sub	*	*	*	*	*	*	Sing	*	*	*	*	*	*	Case=Sub\|Number=Sing	*	*	\[/N\]\[Subl\]	NOUN	egység	_	_	_	OBL	basic	38-21	_	_	
38-21	7480-7485	nézve	_	_	_	_	_	_	_	_	_	_	_	_	_	_	_	_	_	_	_	\[/Post\|(Subl)\]	ADP	nézve	_	_	_	MODE	basic	38-12	_	_	
38-22	7486-7487	.	_	_	_	_	_	_	_	_	_	_	_	_	_	_	_	_	_	_	_	\[Punct\]	PUNCT	.	_	_	_	PUNCT	basic	38-22	_	_	

#Text=Sőt , a jelenlegi koalíciós felállásban annál jobb , minél erősebb az Olasz Testvérek , mert a Matteo Salvini-féle jobboldali populista Liga és a Forza Italia még veszélyesebb .
39-1	7488-7491	Sőt	_	_	_	_	_	_	_	_	_	_	_	_	_	_	_	_	_	_	_	\[/Cnj\]	CONJ	sőt	_	_	_	CONJ	basic	39-8	_	_	
39-2	7492-7493	,	_	_	_	_	_	_	_	_	_	_	_	_	_	_	_	_	_	_	_	\[Punct\]	PUNCT	,	_	_	_	PUNCT	basic	39-8	_	_	
39-3	7494-7495	a	*	*	*	*	*	*	*	*	*	*	*	*	Art	*	*	*	Definite=Def\|PronType=Art	*	*	\[/Det\|Art.Def\]	DET	a	_	_	_	DET	basic	39-6	_	_	
39-4	7496-7505	jelenlegi	*	*	Nom	*	Pos	*	*	*	*	Sing	*	*	*	*	*	*	Case=Nom\|Degree=Pos\|Number=Sing	*	*	\[/Adj\]\[Nom\]	ADJ	jelenlegi	_	_	_	ATT	basic	39-6	_	_	
39-5	7506-7515	koalíciós	*	*	Nom	*	Pos	*	*	*	*	Sing	*	*	*	*	*	*	Case=Nom\|Degree=Pos\|Number=Sing	*	*	\[/Adj\]\[Nom\]	ADJ	koalíciós	_	_	_	ATT	basic	39-6	_	_	
39-6	7516-7527	felállásban	*	*	Ine	*	*	*	*	*	*	Sing	*	*	*	*	*	*	Case=Ine\|Number=Sing	*	*	\[/N\]\[Ine\]	NOUN	felállás	_	_	_	OBL	basic	39-8	_	_	
39-7	7528-7533	annál	_	_	_	_	_	_	_	_	_	_	_	_	_	_	_	_	_	_	_	\[/Adv\]	ADV	annál	_	_	_	MODE	basic	39-8	_	_	
39-8	7534-7538	jobb	*	*	Nom	*	Cmp	*	*	*	*	Sing	*	*	*	*	*	*	Case=Nom\|Degree=Cmp\|Number=Sing	*	*	\[/Adj\]\[\_Comp/Adj\]\[Nom\]	ADJ	jó	_	_	_	ROOT	basic	39-8	_	_	
39-9	7539-7540	,	_	_	_	_	_	_	_	_	_	_	_	_	_	_	_	_	_	_	_	\[Punct\]	PUNCT	,	_	_	_	PUNCT	basic	39-8	_	_	
39-10	7541-7546	minél	_	_	_	_	_	_	_	_	_	_	_	_	_	_	_	_	_	_	_	\[/Adv\]	ADV	minél	_	_	_	MODE	basic	39-11	_	_	
39-11	7547-7554	erősebb	*	*	Nom	*	Cmp	*	*	*	*	Sing	*	*	*	*	*	*	Case=Nom\|Degree=Cmp\|Number=Sing	*	*	\[/Adj\]\[\_Comp/Adj\]\[Nom\]	ADJ	erős	Pconv	*	PRW	COORD	basic	39-8	_	_	
39-12	7555-7557	az	*	*	*	*	*	*	*	*	*	*	*	*	Art	*	*	*	Definite=Def\|PronType=Art	*	*	\[/Det\|Art.Def\]	DET	az	_	_	_	DET	basic	39-14	_	_	
39-13	7558-7563	Olasz	*	*	Nom	*	Pos	*	*	*	*	Sing	*	*	*	*	*	*	Case=Nom\|Degree=Pos\|Number=Sing	*	*	\[/Adj\]\[Nom\]	PROPN	olasz	_	*[33]	PRA[33]	ATT	basic	39-14	tr	39-11[0_33]	
39-14	7564-7573	Testvérek	*	*	Nom	*	*	*	*	*	*	Plur	*	*	*	*	*	*	Case=Nom\|Number=Plur	*	*	\[/N\]\[Pl\]\[Nom\]	PROPN	testvér	_	*[33]	PRA[33]	SUBJ	basic	39-11	_	_	
39-15	7574-7575	,	_	_	_	_	_	_	_	_	_	_	_	_	_	_	_	_	_	_	_	\[Punct\]	PUNCT	,	_	_	_	PUNCT	basic	39-11	_	_	
39-16	7576-7580	mert	_	_	_	_	_	_	_	_	_	_	_	_	_	_	_	_	_	_	_	\[/Cnj\]	SCONJ	mert	_	_	_	CONJ	basic	39-11	_	_	
39-17	7581-7582	a	*	*	*	*	*	*	*	*	*	*	*	*	Art	*	*	*	Definite=Def\|PronType=Art	*	*	\[/Det\|Art.Def\]	DET	a	_	_	_	DET	basic	39-22	_	_	
39-18	7583-7589	Matteo	*	*	Nom	*	*	*	*	*	*	Sing	*	*	*	*	*	*	Case=Nom\|Number=Sing	*	*	\[/N\]\[Nom\]	PROPN	Matteo	_	_	_	ATT	basic	39-19	_	_	
39-19	7590-7602	Salvini-féle	*	*	Nom	*	Pos	*	*	*	*	Sing	*	*	*	*	*	*	Case=Nom\|Degree=Pos\|Number=Sing	*	*	\[/Adj\]\[Nom\]	ADJ	Salvini-féle	_	_	_	ATT	basic	39-22	_	_	
39-20	7603-7613	jobboldali	*	*	Nom	*	Pos	*	*	*	*	Sing	*	*	*	*	*	*	Case=Nom\|Degree=Pos\|Number=Sing	*	*	\[/Adj\]\[Nom\]	ADJ	jobboldali	_	_	_	ATT	basic	39-22	_	_	
39-21	7614-7623	populista	*	*	Nom	*	Pos	*	*	*	*	Sing	*	*	*	*	*	*	Case=Nom\|Degree=Pos\|Number=Sing	*	*	\[/Adj\]\[Nom\]	ADJ	populista	_	_	_	ATT	basic	39-22	_	_	
39-22	7624-7628	Liga	*	*	Nom	*	*	*	*	*	*	Sing	*	*	*	*	*	*	Case=Nom\|Number=Sing	*	*	\[/N\]\[Nom\]	NOUN	liga	_	_	_	SUBJ	basic	39-28	_	_	
39-23	7629-7631	és	_	_	_	_	_	_	_	_	_	_	_	_	_	_	_	_	_	_	_	\[/Cnj\]	CONJ	és	_	_	_	CONJ	basic	39-22	_	_	
39-24	7632-7633	a	*	*	*	*	*	*	*	*	*	*	*	*	Art	*	*	*	Definite=Def\|PronType=Art	*	*	\[/Det\|Art.Def\]	DET	a	_	_	_	DET	basic	39-26	_	_	
39-25	7634-7639	Forza	*	*	Nom	*	*	*	*	*	*	Sing	*	*	*	*	*	*	Case=Nom\|Number=Sing	*	*	\[/N\]\[Nom\]	PROPN	Forza	_	_	_	NE	basic	39-26	_	_	
39-26	7640-7646	Italia	*	*	Nom	*	*	*	*	*	*	Sing	*	*	*	*	*	*	Case=Nom\|Number=Sing	*	*	\[/N\]	PROPN	Italia	_	_	_	COORD	basic	39-23	_	_	
39-27	7647-7650	még	_	_	_	_	_	_	_	_	_	_	_	_	_	_	_	_	_	_	_	\[/Adv\]	ADV	még	_	_	_	MODE	basic	39-28	_	_	
39-28	7651-7663	veszélyesebb	*	*	Nom	*	Cmp	*	*	*	*	Sing	*	*	*	*	*	*	Case=Nom\|Degree=Cmp\|Number=Sing	*	*	\[/Adj\]\[\_Comp/Adj\]\[Nom\]	ADJ	veszélyes	_	_	_	ATT	basic	39-16	_	_	
39-29	7664-7665	.	_	_	_	_	_	_	_	_	_	_	_	_	_	_	_	_	_	_	_	\[Punct\]	PUNCT	.	_	_	_	PUNCT	basic	39-29	_	_	

#Text=Mindettől függetlenül azonban Melonit aligha lehet túlzott Európa-pártisággal vádolni .
40-1	7666-7675	Mindettől	*	*	Abl	*	*	*	*	*	*	Sing	*	*	*	*	*	*	Case=Abl\|Number=Sing	*	*	\[/N\|Pro\]\[Abl\]	NOUN	mindez	_	_	_	OBL	basic	40-2	_	_	
40-2	7676-7687	függetlenül	*	*	Ess	*	Pos	*	*	*	*	Sing	*	*	*	*	*	*	Case=Ess\|Degree=Pos\|Number=Sing	*	*	\[/Adj\]\[\_Manner/Adv\]	ADJ	független	_	_	_	MODE	basic	40-6	_	_	
40-3	7688-7695	azonban	_	_	_	_	_	_	_	_	_	_	_	_	_	_	_	_	_	_	_	\[/Cnj\]	CONJ	azonban	_	_	_	CONJ	basic	40-6	_	_	
40-4	7696-7703	Melonit	*	*	Nom	*	*	*	*	*	*	Sing	*	*	*	*	*	*	Case=Nom\|Number=Sing	*	*	\[/N\]\[Nom\]	PROPN	Melonit	_	_	_	SUBJ	basic	40-6	_	_	
40-5	7704-7710	aligha	_	_	_	_	_	_	_	_	_	_	_	_	_	_	_	_	_	_	_	\[/Adv\]	ADV	aligha	_	_	_	MODE	basic	40-6	_	_	
40-6	7711-7716	lehet	*	*	*	*	*	*	Pot	*	*	Sing	3	*	*	*	Pres	*	Definite=Ind\|Mood=Pot\|Number=Sing\|Person=3\|Tense=Pres\|VerbForm=Fin\|Voice=Act	Fin	Act	\[/V\]\[\_Mod/V\]\[Prs.NDef.3Sg\]	VERB	van	_	_	_	ROOT	basic	40-6	_	_	
40-7	7717-7724	túlzott	*	*	Nom	*	Pos	*	*	*	*	Sing	*	*	*	*	*	*	Case=Nom\|Degree=Pos\|Number=Sing	*	*	\[/Adj\]\[Nom\]	ADJ	túlzott	_	_	_	ATT	basic	40-8	_	_	
40-8	7725-7743	Európa-pártisággal	*	*	Ins	*	*	*	*	*	*	Sing	*	*	*	*	*	*	Case=Ins\|Number=Sing	*	*	\[/N\]\[Ins\]	PROPN	Európa-pártiság	_	_	_	OBL	basic	40-9	_	_	
40-9	7744-7751	vádolni	*	*	*	*	*	*	*	*	*	*	*	*	*	*	*	*	VerbForm=Inf\|Voice=Act	Inf	Act	\[/V\]\[Inf\]	VERB	vádol	_	_	_	INF	basic	40-6	_	_	
40-10	7752-7753	.	_	_	_	_	_	_	_	_	_	_	_	_	_	_	_	_	_	_	_	\[Punct\]	PUNCT	.	_	_	_	PUNCT	basic	40-10	_	_	

#Text=Egy 2021-es önéletrajzi könyvében például azt írta , hogy a demokratikus szuverenitás megtestesítői elsősorban a nemzetállamok , és az EU árt a demokráciának , amikor „ nem választott európai bürokratáknak ad törvényhozási szerepet ” .
41-1	7754-7757	Egy	*	*	*	*	*	*	*	*	*	*	*	*	Art	*	*	*	Definite=Ind\|PronType=Art	*	*	\[/Det\|Art.NDef\]	DET	egy	_	_	_	DET	basic	41-2	_	_	
41-2	7758-7765	2021-es	*	*	Nom	*	*	*	*	*	*	Sing	*	*	*	*	*	*	Case=Nom\|Number=Sing	*	*	\[/N\]\[Nom\]	NOUN	2021-es	_	_	_	ATT	basic	41-4	_	_	
41-3	7766-7777	önéletrajzi	*	*	Nom	*	Pos	*	*	*	*	Sing	*	*	*	*	*	*	Case=Nom\|Degree=Pos\|Number=Sing	*	*	\[/Adj\]\[Nom\]	ADJ	önéletrajzi	_	_	_	ATT	basic	41-4	_	_	
41-4	7778-7787	könyvében	*	*	Ine	*	*	*	*	*	*	Sing	*	*	*	*	*	*	Case=Ine\|Number=Sing\|Number\[psor\]=Sing\|Person\[psor\]=3	*	*	\[/N\]\[Poss.3Sg\]\[Ine\]	NOUN	könyv	_	_	_	OBL	basic	41-7	_	_	
41-5	7788-7795	például	_	_	_	_	_	_	_	_	_	_	_	_	_	_	_	_	_	_	_	\[/Adv\]	ADV	például	_	_	_	MODE	basic	41-7	_	_	
41-6	7796-7799	azt	*	*	Acc	*	*	*	*	*	*	Sing	3	*	Dem	*	*	*	Case=Acc\|Number=Sing\|Person=3\|PronType=Dem	*	*	\[/Det\|Pro\]\[Acc\]	PRON	az	_	_	_	OBJ	basic	41-7	_	_	
41-7	7800-7804	írta	*	*	*	*	*	*	Ind	*	*	Sing	3	*	*	*	Past	*	Definite=Def\|Mood=Ind\|Number=Sing\|Person=3\|Tense=Past\|VerbForm=Fin\|Voice=Act	Fin	Act	\[/V\]\[Pst.Def.3Sg\]	VERB	ír	_	_	_	ROOT	basic	41-7	_	_	
41-8	7805-7806	,	_	_	_	_	_	_	_	_	_	_	_	_	_	_	_	_	_	_	_	\[Punct\]	PUNCT	,	_	_	_	PUNCT	basic	41-7	_	_	
41-9	7807-7811	hogy	_	_	_	_	_	_	_	_	_	_	_	_	_	_	_	_	_	_	_	\[/Cnj\]	SCONJ	hogy	_	_	_	CONJ	basic	41-7	_	_	
41-10	7812-7813	a	*	*	*	*	*	*	*	*	*	*	*	*	Art	*	*	*	Definite=Def\|PronType=Art	*	*	\[/Det\|Art.Def\]	DET	a	_	_	_	DET	basic	41-12	_	_	
41-11	7814-7826	demokratikus	*	*	Nom	*	Pos	*	*	*	*	Sing	*	*	*	*	*	*	Case=Nom\|Degree=Pos\|Number=Sing	*	*	\[/Adj\]\[Nom\]	ADJ	demokratikus	_	_	_	ATT	basic	41-12	_	_	
41-12	7827-7839	szuverenitás	*	*	Nom	*	*	*	*	*	*	Sing	*	*	*	*	*	*	Case=Nom\|Number=Sing	*	*	\[/N\]\[Nom\]	NOUN	szuverenitás	_	_	_	ATT	basic	41-13	_	_	
41-13	7840-7853	megtestesítői	*	*	Nom	*	Pos	*	*	*	*	Sing	*	*	*	*	*	*	Case=Nom\|Degree=Pos\|Number=Sing	*	*	\[/Adj\]\[Nom\]	ADJ	megtestesítői	_	_	_	SUBJ	basic	41-21	_	_	
41-14	7854-7864	elsősorban	_	_	_	_	_	_	_	_	_	_	_	_	_	_	_	_	_	_	_	\[/Adv\]	ADV	elsősorban	_	_	_	MODE	basic	41-21	_	_	
41-15	7865-7866	a	*	*	*	*	*	*	*	*	*	*	*	*	Art	*	*	*	Definite=Def\|PronType=Art	*	*	\[/Det\|Art.Def\]	DET	a	_	_	_	DET	basic	41-16	_	_	
41-16	7867-7880	nemzetállamok	*	*	Nom	*	*	*	*	*	*	Plur	*	*	*	*	*	*	Case=Nom\|Number=Plur	*	*	\[/N\]\[Pl\]\[Nom\]	NOUN	nemzetállam	_	_	_	SUBJ	basic	41-21	_	_	
41-17	7881-7882	,	_	_	_	_	_	_	_	_	_	_	_	_	_	_	_	_	_	_	_	\[Punct\]	PUNCT	,	_	_	_	PUNCT	basic	41-16	_	_	
41-18	7883-7885	és	_	_	_	_	_	_	_	_	_	_	_	_	_	_	_	_	_	_	_	\[/Cnj\]	CONJ	és	_	_	_	CONJ	basic	41-16	_	_	
41-19	7886-7888	az	*	*	*	*	*	*	*	*	*	*	*	*	Art	*	*	*	Definite=Def\|PronType=Art	*	*	\[/Det\|Art.Def\]	DET	az	_	_	_	DET	basic	41-20	_	_	
41-20	7889-7891	EU	*	*	Nom	*	*	*	*	*	*	Sing	*	*	*	*	*	*	Case=Nom\|Number=Sing	*	*	\[/N\]\[Nom\]	PROPN	EU	_	_	_	COORD	basic	41-18	_	_	
41-21	7892-7895	árt	*	*	*	*	*	*	Ind	*	*	Sing	3	*	*	*	Pres	*	Definite=Ind\|Mood=Ind\|Number=Sing\|Person=3\|Tense=Pres\|VerbForm=Fin\|Voice=Act	Fin	Act	\[/V\]\[Prs.NDef.3Sg\]	VERB	árt	_	_	_	ATT	basic	41-9	_	_	
41-22	7896-7897	a	*	*	*	*	*	*	*	*	*	*	*	*	Art	*	*	*	Definite=Def\|PronType=Art	*	*	\[/Det\|Art.Def\]	DET	a	_	_	_	DET	basic	41-23	_	_	
41-23	7898-7911	demokráciának	*	*	Dat	*	*	*	*	*	*	Sing	*	*	*	*	*	*	Case=Dat\|Number=Sing	*	*	\[/N\]\[Dat\]	NOUN	demokrácia	_	_	_	DAT	basic	41-21	_	_	
41-24	7912-7913	,	_	_	_	_	_	_	_	_	_	_	_	_	_	_	_	_	_	_	_	\[Punct\]	PUNCT	,	_	_	_	PUNCT	basic	41-21	_	_	
41-25	7914-7920	amikor	*	*	Nom	*	*	*	*	*	*	Sing	3	*	Rel	*	*	*	Case=Nom\|Number=Sing\|Person=3\|PronType=Rel	*	*	\[/Adv\|Pro\|Rel\]	PRON	amikor	_	_	_	SUBJ	basic	41-31	_	_	
41-26	7921-7922	„	_	_	_	_	_	_	_	_	_	_	_	_	_	_	_	_	_	_	_	\[Punct\]	PUNCT	„	_	_	_	PUNCT	basic	41-31	_	_	
41-27	7923-7926	nem	*	*	*	*	*	*	*	*	*	*	*	*	Neg	*	*	*	PronType=Neg	*	*	\[/Adv\]	ADV	nem	_	_	_	NEG	basic	41-28	_	_	
41-28	7927-7937	választott	*	*	Nom	*	Pos	*	*	*	*	Sing	*	*	*	*	*	*	Case=Nom\|Degree=Pos\|Number=Sing	*	*	\[/Adj\]\[Nom\]	ADJ	választott	_	_	_	ATT	basic	41-30	_	_	
41-29	7938-7945	európai	*	*	Nom	*	Pos	*	*	*	*	Sing	*	*	*	*	*	*	Case=Nom\|Degree=Pos\|Number=Sing	*	*	\[/Adj\]\[Nom\]	ADJ	európai	_	_	_	ATT	basic	41-30	_	_	
41-30	7946-7959	bürokratáknak	*	*	Dat	*	*	*	*	*	*	Plur	*	*	*	*	*	*	Case=Dat\|Number=Plur	*	*	\[/N\]\[Pl\]\[Dat\]	NOUN	bürokrata	_	*	PRA	DAT	basic	41-31	lm	41-31	
41-31	7960-7962	ad	*	*	*	*	*	*	Ind	*	*	Sing	3	*	*	*	Pres	*	Definite=Ind\|Mood=Ind\|Number=Sing\|Person=3\|Tense=Pres\|VerbForm=Fin\|Voice=Act	Fin	Act	\[/V\]\[Prs.NDef.3Sg\]	VERB	ad	Pmet	EU	PRW	ATT	basic	41-21	_	_	
41-32	7963-7976	törvényhozási	*	*	Nom	*	Pos	*	*	*	*	Sing	*	*	*	*	*	*	Case=Nom\|Degree=Pos\|Number=Sing	*	*	\[/Adj\]\[Nom\]	ADJ	törvényhozási	_	_	_	ATT	basic	41-33	_	_	
41-33	7977-7985	szerepet	*	*	Acc	*	*	*	*	*	*	Sing	*	*	*	*	*	*	Case=Acc\|Number=Sing	*	*	\[/N\]\[Acc\]	NOUN	szerep	_	*	PRA	OBJ	basic	41-31	lm	41-31	
41-34	7986-7987	”	_	_	_	_	_	_	_	_	_	_	_	_	_	_	_	_	_	_	_	\[Punct\]	PUNCT	”	_	_	_	PUNCT	basic	41-31	_	_	
41-35	7988-7989	.	_	_	_	_	_	_	_	_	_	_	_	_	_	_	_	_	_	_	_	\[Punct\]	PUNCT	.	_	_	_	PUNCT	basic	41-35	_	_	

#Text=Korábban felvetette azt is , hogy az olasz jognak elsőbbséget kell élveznie az uniós joggal szemben , ami aláásná az EU működését , hiszen nem lehet úgy működtetni egy integrációt , ha bármely tagállam felülírhatja a közös döntéseket .
42-1	7990-7998	Korábban	_	_	_	_	_	_	_	_	_	_	_	_	_	_	_	_	_	_	_	\[/Adv\]	ADV	korábban	_	_	_	MODE	basic	42-2	_	_	
42-2	7999-8009	felvetette	*	*	*	*	*	*	Ind	*	*	Sing	3	*	*	*	Past	*	Definite=Def\|Mood=Ind\|Number=Sing\|Person=3\|Tense=Past\|VerbForm=Fin\|Voice=Cau	Fin	Cau	\[/V\]\[\_Caus/V\]\[Pst.Def.3Sg\]	VERB	felvesz	_	_	_	ROOT	basic	42-2	_	_	
42-3	8010-8013	azt	*	*	Acc	*	*	*	*	*	*	Sing	3	*	Dem	*	*	*	Case=Acc\|Number=Sing\|Person=3\|PronType=Dem	*	*	\[/Det\|Pro\]\[Acc\]	PRON	az	_	_	_	OBJ	basic	42-2	_	_	
42-4	8014-8016	is	_	_	_	_	_	_	_	_	_	_	_	_	_	_	_	_	_	_	_	\[/Adv\]	ADV	is	_	_	_	MODE	basic	42-2	_	_	
42-5	8017-8018	,	_	_	_	_	_	_	_	_	_	_	_	_	_	_	_	_	_	_	_	\[Punct\]	PUNCT	,	_	_	_	PUNCT	basic	42-2	_	_	
42-6	8019-8023	hogy	_	_	_	_	_	_	_	_	_	_	_	_	_	_	_	_	_	_	_	\[/Cnj\]	SCONJ	hogy	_	_	_	CONJ	basic	42-2	_	_	
42-7	8024-8026	az	*	*	*	*	*	*	*	*	*	*	*	*	Art	*	*	*	Definite=Def\|PronType=Art	*	*	\[/Det\|Art.Def\]	DET	az	_	_	_	DET	basic	42-9	_	_	
42-8	8027-8032	olasz	*	*	Nom	*	Pos	*	*	*	*	Sing	*	*	*	*	*	*	Case=Nom\|Degree=Pos\|Number=Sing	*	*	\[/Adj\]\[Nom\]	ADJ	olasz	_	_	_	ATT	basic	42-9	_	_	
42-9	8033-8039	jognak	*	*	Dat	*	*	*	*	*	*	Sing	*	*	*	*	*	*	Case=Dat\|Number=Sing	*	*	\[/N\]\[Dat\]	NOUN	jog	_	*	PRA	DAT	basic	42-11	tr	42-12	
42-10	8040-8051	elsőbbséget	*	*	Acc	*	*	*	*	*	*	Sing	*	*	*	*	*	*	Case=Acc\|Number=Sing	*	*	\[/N\]\[Acc\]	NOUN	elsőbbség	_	*	PRAid	OBJ	basic	42-12	lm	42-12	
42-11	8052-8056	kell	*	*	*	*	*	*	Ind	*	*	Sing	3	*	*	*	Pres	*	Definite=Ind\|Mood=Ind\|Number=Sing\|Person=3\|Tense=Pres\|VerbForm=Fin\|Voice=Act	Fin	Act	\[/V\]\[Prs.NDef.3Sg\]	VERB	kell	_	_	_	ATT	basic	42-6	_	_	
42-12	8057-8065	élveznie	*	*	*	*	*	*	*	*	*	Sing	3	*	*	*	Pres	*	Number=Sing\|Person=3\|Tense=Pres\|VerbForm=Inf\|Voice=Act	Inf	Act	\[/V\]\[Inf.3Sg\]	VERB	élvez	Pnov	*	PRWid	INF	basic	42-11	_	_	
42-13	8066-8068	az	*	*	*	*	*	*	*	*	*	*	*	*	Art	*	*	*	Definite=Def\|PronType=Art	*	*	\[/Det\|Art.Def\]	DET	az	_	_	_	DET	basic	42-15	_	_	
42-14	8069-8074	uniós	*	*	Nom	*	Pos	*	*	*	*	Sing	*	*	*	*	*	*	Case=Nom\|Degree=Pos\|Number=Sing	*	*	\[/Adj\]\[Nom\]	ADJ	uniós	_	_	_	ATT	basic	42-15	_	_	
42-15	8075-8081	joggal	*	*	Ins	*	*	*	*	*	*	Sing	*	*	*	*	*	*	Case=Ins\|Number=Sing	*	*	\[/N\]\[Ins\]	NOUN	jog	_	_	_	OBL	basic	42-16	_	_	
42-16	8082-8089	szemben	_	_	_	_	_	_	_	_	_	_	_	_	_	_	_	_	_	_	_	\[/Post\|(Ins)\]	ADP	szemben	_	_	_	MODE	basic	42-12	_	_	
42-17	8090-8091	,	_	_	_	_	_	_	_	_	_	_	_	_	_	_	_	_	_	_	_	\[Punct\]	PUNCT	,	_	_	_	PUNCT	basic	42-11	_	_	
42-18	8092-8095	ami	*	*	Nom	*	*	*	*	*	*	Sing	3	*	Rel	*	*	*	Case=Nom\|Number=Sing\|Person=3\|PronType=Rel	*	*	\[/N\|Pro\|Rel\]\[Nom\]	PRON	ami	_	*	PRA	SUBJ	basic	42-19	tr	42-19	
42-19	8096-8103	aláásná	*	*	*	*	*	*	Cnd	*	*	Sing	3	*	*	*	Pres	*	Definite=Def\|Mood=Cnd\|Number=Sing\|Person=3\|Tense=Pres\|VerbForm=Fin\|Voice=Act	Fin	Act	\[/V\]\[Cond.Def.3Sg\]	VERB	aláás	Pconv	*	PRW	ATT	basic	42-11	_	_	
42-20	8104-8106	az	*	*	*	*	*	*	*	*	*	*	*	*	Art	*	*	*	Definite=Def\|PronType=Art	*	*	\[/Det\|Art.Def\]	DET	az	_	_	_	DET	basic	42-21	_	_	
42-21	8107-8109	EU	*	*	Nom	*	*	*	*	*	*	Sing	*	*	*	*	*	*	Case=Nom\|Number=Sing	*	*	\[/N\]\[Nom\]	PROPN	EU	_	_	_	ATT	basic	42-22	_	_	
42-22	8110-8119	működését	*	*	Acc	*	*	*	*	*	*	Sing	*	*	*	*	*	*	Case=Acc\|Number=Sing\|Number\[psor\]=Sing\|Person\[psor\]=3	*	*	\[/N\]\[Poss.3Sg\]\[Acc\]	NOUN	működés	_	*	PRA	OBJ	basic	42-19	lm	42-19	
42-23	8120-8121	,	_	_	_	_	_	_	_	_	_	_	_	_	_	_	_	_	_	_	_	\[Punct\]	PUNCT	,	_	_	_	PUNCT	basic	42-19	_	_	
42-24	8122-8128	hiszen	_	_	_	_	_	_	_	_	_	_	_	_	_	_	_	_	_	_	_	\[/Cnj\]	CONJ	hiszen	_	_	_	CONJ	basic	42-19	_	_	
42-25	8129-8132	nem	*	*	*	*	*	*	*	*	*	*	*	*	Neg	*	*	*	PronType=Neg	*	*	\[/Adv\]	ADV	nem	_	_	_	NEG	basic	42-26	_	_	
42-26	8133-8138	lehet	*	*	*	*	*	*	Pot	*	*	Sing	3	*	*	*	Pres	*	Definite=Ind\|Mood=Pot\|Number=Sing\|Person=3\|Tense=Pres\|VerbForm=Fin\|Voice=Act	Fin	Act	\[/V\]\[\_Mod/V\]\[Prs.NDef.3Sg\]	VERB	van	_	_	_	COORD	basic	42-24	_	_	
42-27	8139-8142	úgy	*	*	Nom	*	*	*	*	*	*	Sing	3	*	Prs	*	*	*	Case=Nom\|Number=Sing\|Person=3\|PronType=Prs	*	*	\[/Adv\|Pro\]	PRON	úgy	_	_	_	MODE	basic	42-28	_	_	
42-28	8143-8153	működtetni	*	*	*	*	*	*	*	*	*	*	*	*	*	*	*	*	VerbForm=Inf\|Voice=Cau	Inf	Cau	\[/V\]\[\_Caus/V\]\[Inf\]	VERB	működik	_	_	_	INF	basic	42-26	_	_	
42-29	8154-8157	egy	*	*	*	*	*	*	*	*	*	*	*	*	Art	*	*	*	Definite=Ind\|PronType=Art	*	*	\[/Det\|Art.NDef\]	DET	egy	_	_	_	DET	basic	42-30	_	_	
42-30	8158-8169	integrációt	*	*	Acc	*	*	*	*	*	*	Sing	*	*	*	*	*	*	Case=Acc\|Number=Sing	*	*	\[/N\]\[Acc\]	NOUN	integráció	_	_	_	OBJ	basic	42-28	_	_	
42-31	8170-8171	,	_	_	_	_	_	_	_	_	_	_	_	_	_	_	_	_	_	_	_	\[Punct\]	PUNCT	,	_	_	_	PUNCT	basic	42-26	_	_	
42-32	8172-8174	ha	_	_	_	_	_	_	_	_	_	_	_	_	_	_	_	_	_	_	_	\[/Cnj\]	SCONJ	ha	_	_	_	CONJ	basic	42-26	_	_	
42-33	8175-8182	bármely	*	*	Nom	*	*	*	*	*	*	Sing	*	*	*	*	*	*	Case=Nom\|Number=Sing	*	*	\[/N\|Pro\]\[Nom\]	NOUN	bármely	_	_	_	ATT	basic	42-34	_	_	
42-34	8183-8191	tagállam	*	*	Nom	*	*	*	*	*	*	Sing	*	*	*	*	*	*	Case=Nom\|Number=Sing	*	*	\[/N\]\[Nom\]	NOUN	tagállam	_	*	PRA	SUBJ	basic	42-35	tr	42-35	
42-35	8192-8204	felülírhatja	*	*	*	*	*	*	Pot	*	*	Sing	3	*	*	*	Pres	*	Definite=Def\|Mood=Pot\|Number=Sing\|Person=3\|Tense=Pres\|VerbForm=Fin\|Voice=Act	Fin	Act	\[/V\]\[\_Mod/V\]\[Prs.Def.3Sg\]	VERB	felülír	Pmet	*	PRW	ATT	basic	42-32	_	_	
42-36	8205-8206	a	*	*	*	*	*	*	*	*	*	*	*	*	Art	*	*	*	Definite=Def\|PronType=Art	*	*	\[/Det\|Art.Def\]	DET	a	_	_	_	DET	basic	42-38	_	_	
42-37	8207-8212	közös	*	*	Nom	*	Pos	*	*	*	*	Sing	*	*	*	*	*	*	Case=Nom\|Degree=Pos\|Number=Sing	*	*	\[/Adj\]\[Nom\]	ADJ	közös	_	_	_	ATT	basic	42-38	_	_	
42-38	8213-8223	döntéseket	*	*	Acc	*	*	*	*	*	*	Plur	*	*	*	*	*	*	Case=Acc\|Number=Plur	*	*	\[/N\]\[Pl\]\[Acc\]	NOUN	döntés	_	*	PRA	OBJ	basic	42-35	lm	42-35	
42-39	8224-8225	.	_	_	_	_	_	_	_	_	_	_	_	_	_	_	_	_	_	_	_	\[Punct\]	PUNCT	.	_	_	_	PUNCT	basic	42-39	_	_	

#Text=Koalíciós gondok Az erősen behatárolt pénzügyi mozgástér , a látványos külpolitikai ellentétek , na meg az olasz politikai hagyományok fényében mindenképpen érdekesnek ígérkezik az új koalíció első időszaka .
43-1	8226-8235	Koalíciós	*	*	Nom	*	Pos	*	*	*	*	Sing	*	*	*	*	*	*	Case=Nom\|Degree=Pos\|Number=Sing	*	*	\[/Adj\]\[Nom\]	ADJ	koalíciós	_	_	_	ATT	basic	43-2	_	_	
43-2	8236-8242	gondok	*	*	Nom	*	*	*	*	*	*	Plur	*	*	*	*	*	*	Case=Nom\|Number=Plur	*	*	\[/N\]\[Pl\]\[Nom\]	NOUN	gond	_	_	_	SUBJ	basic	43-23	_	_	
43-3	8243-8245	Az	*	*	*	*	*	*	*	*	*	*	*	*	Art	*	*	*	Definite=Def\|PronType=Art	*	*	\[/Det\|Art.Def\]	DET	az	_	_	_	DET	basic	43-7	_	_	
43-4	8246-8252	erősen	*	*	Ess	*	Pos	*	*	*	*	Sing	*	*	*	*	*	*	Case=Ess\|Degree=Pos\|Number=Sing	*	*	\[/Adj\]\[\_Manner/Adv\]	ADJ	erős	_	_	_	MODE	basic	43-5	_	_	
43-5	8253-8263	behatárolt	*	*	Nom	*	Pos	*	*	*	*	Sing	*	*	*	*	*	*	Case=Nom\|Degree=Pos\|Number=Sing	*	*	\[/Adj\]\[Nom\]	ADJ	behatárolt	_	_	_	ATT	basic	43-7	_	_	
43-6	8264-8272	pénzügyi	*	*	Nom	*	Pos	*	*	*	*	Sing	*	*	*	*	*	*	Case=Nom\|Degree=Pos\|Number=Sing	*	*	\[/Adj\]\[Nom\]	ADJ	pénzügyi	_	_	_	ATT	basic	43-7	_	_	
43-7	8273-8282	mozgástér	*	*	Nom	*	*	*	*	*	*	Sing	*	*	*	*	*	*	Case=Nom\|Number=Sing	*	*	\[/N\]\[Nom\]	NOUN	mozgástér	_	_	_	ATT	basic	43-20	_	_	
43-8	8283-8284	,	_	_	_	_	_	_	_	_	_	_	_	_	_	_	_	_	_	_	_	\[Punct\]	PUNCT	,	_	_	_	PUNCT	basic	43-7	_	_	
43-9	8285-8286	a	*	*	*	*	*	*	*	*	*	*	*	*	Art	*	*	*	Definite=Def\|PronType=Art	*	*	\[/Det\|Art.Def\]	DET	a	_	_	_	DET	basic	43-12	_	_	
43-10	8287-8296	látványos	*	*	Nom	*	Pos	*	*	*	*	Sing	*	*	*	*	*	*	Case=Nom\|Degree=Pos\|Number=Sing	*	*	\[/Adj\]\[Nom\]	ADJ	látványos	_	_	_	ATT	basic	43-12	_	_	
43-11	8297-8309	külpolitikai	*	*	Nom	*	Pos	*	*	*	*	Sing	*	*	*	*	*	*	Case=Nom\|Degree=Pos\|Number=Sing	*	*	\[/Adj\]\[Nom\]	ADJ	külpolitikai	_	_	_	ATT	basic	43-12	_	_	
43-12	8310-8320	ellentétek	*	*	Nom	*	*	*	*	*	*	Plur	*	*	*	*	*	*	Case=Nom\|Number=Plur	*	*	\[/N\]\[Pl\]\[Nom\]	NOUN	ellentét	_	_	_	COORD	basic	43-7	_	_	
43-13	8321-8322	,	_	_	_	_	_	_	_	_	_	_	_	_	_	_	_	_	_	_	_	\[Punct\]	PUNCT	,	_	_	_	PUNCT	basic	43-12	_	_	
43-14	8323-8325	na	_	_	_	_	_	_	_	_	_	_	_	_	_	_	_	_	_	_	_	\[/Inj-Utt\]	INTJ	na	_	_	_	MODE	basic	43-23	_	_	
43-15	8326-8329	meg	_	_	_	_	_	_	_	_	_	_	_	_	_	_	_	_	_	_	_	\[/Cnj\]	CONJ	meg	_	_	_	CONJ	basic	43-12	_	_	
43-16	8330-8332	az	*	*	*	*	*	*	*	*	*	*	*	*	Art	*	*	*	Definite=Def\|PronType=Art	*	*	\[/Det\|Art.Def\]	DET	az	_	_	_	DET	basic	43-19	_	_	
43-17	8333-8338	olasz	*	*	Nom	*	Pos	*	*	*	*	Sing	*	*	*	*	*	*	Case=Nom\|Degree=Pos\|Number=Sing	*	*	\[/Adj\]\[Nom\]	ADJ	olasz	_	_	_	ATT	basic	43-19	_	_	
43-18	8339-8348	politikai	*	*	Nom	*	Pos	*	*	*	*	Sing	*	*	*	*	*	*	Case=Nom\|Degree=Pos\|Number=Sing	*	*	\[/Adj\]\[Nom\]	ADJ	politikai	_	_	_	ATT	basic	43-19	_	_	
43-19	8349-8360	hagyományok	*	*	Nom	*	*	*	*	*	*	Plur	*	*	*	*	*	*	Case=Nom\|Number=Plur	*	*	\[/N\]\[Pl\]\[Nom\]	NOUN	hagyomány	_	_	_	COORD	basic	43-15	_	_	
43-20	8361-8369	fényében	*	*	Ine	*	*	*	*	*	*	Sing	*	*	*	*	*	*	Case=Ine\|Number=Sing\|Number\[psor\]=Sing\|Person\[psor\]=3	*	*	\[/N\]\[Poss.3Sg\]\[Ine\]	NOUN	fény	_	_	_	OBL	basic	43-23	_	_	
43-21	8370-8382	mindenképpen	_	_	_	_	_	_	_	_	_	_	_	_	_	_	_	_	_	_	_	\[/Adv\]	ADV	mindenképpen	_	_	_	MODE	basic	43-22	_	_	
43-22	8383-8393	érdekesnek	*	*	Dat	*	Pos	*	*	*	*	Sing	*	*	*	*	*	*	Case=Dat\|Degree=Pos\|Number=Sing	*	*	\[/Adj\]\[Dat\]	ADJ	érdekes	_	_	_	DAT	basic	43-23	_	_	
43-23	8394-8403	ígérkezik	*	*	*	*	*	*	Ind	*	*	Sing	3	*	*	*	Pres	*	Definite=Ind\|Mood=Ind\|Number=Sing\|Person=3\|Tense=Pres\|VerbForm=Fin\|Voice=Act	Fin	Act	\[/V\]\[Prs.NDef.3Sg\]	VERB	ígérkezik	_	_	_	ROOT	basic	43-23	_	_	
43-24	8404-8406	az	*	*	*	*	*	*	*	*	*	*	*	*	Art	*	*	*	Definite=Def\|PronType=Art	*	*	\[/Det\|Art.Def\]	DET	az	_	_	_	DET	basic	43-26	_	_	
43-25	8407-8409	új	*	*	Nom	*	Pos	*	*	*	*	Sing	*	*	*	*	*	*	Case=Nom\|Degree=Pos\|Number=Sing	*	*	\[/Adj\]\[Nom\]	ADJ	új	_	_	_	ATT	basic	43-26	_	_	
43-26	8410-8418	koalíció	*	*	Nom	*	*	*	*	*	*	Sing	*	*	*	*	*	*	Case=Nom\|Number=Sing	*	*	\[/N\]\[Nom\]	NOUN	koalíció	_	_	_	ATT	basic	43-28	_	_	
43-27	8419-8423	első	*	*	Nom	*	*	*	*	*	Ord	Sing	*	*	*	*	*	*	Case=Nom\|Number=Sing\|NumType=Ord	*	*	\[/Num\]\[\_Ord/Adj\]\[Nom\]	ADJ	egy	_	_	_	ATT	basic	43-28	_	_	
43-28	8424-8432	időszaka	*	*	Nom	*	*	*	*	*	*	Sing	*	*	*	*	*	*	Case=Nom\|Number=Sing\|Number\[psor\]=Sing\|Person\[psor\]=3	*	*	\[/N\]\[Poss.3Sg\]\[Nom\]	NOUN	időszak	_	_	_	SUBJ	basic	43-23	_	_	
43-29	8433-8434	.	_	_	_	_	_	_	_	_	_	_	_	_	_	_	_	_	_	_	_	\[Punct\]	PUNCT	.	_	_	_	PUNCT	basic	43-29	_	_	

#Text=A legeleje a Berlusconival említett feszültségek miatt sikerült döcögősre , kérdés , hogy a volt kormányfő mennyire készül további kikacsintásokra a koalíciós álláspontokkal szemben .
44-1	8435-8436	A	*	*	*	*	*	*	*	*	*	*	*	*	Art	*	*	*	Definite=Def\|PronType=Art	*	*	\[/Det\|Art.Def\]	DET	a	_	_	_	DET	basic	44-2	_	_	
44-2	8437-8445	legeleje	*	*	Nom	*	*	*	*	*	*	Sing	*	*	*	*	*	*	Case=Nom\|Number=Sing\|Number\[psor\]=Sing\|Person\[psor\]=3	*	*	\[/N\]\[Poss.3Sg\]\[Nom\]	NOUN	legeleje	_	_	_	SUBJ	basic	44-8	_	_	
44-3	8446-8447	a	*	*	*	*	*	*	*	*	*	*	*	*	Art	*	*	*	Definite=Def\|PronType=Art	*	*	\[/Det\|Art.Def\]	DET	a	_	_	_	DET	basic	44-4	_	_	
44-4	8448-8461	Berlusconival	*	*	Ins	*	*	*	*	*	*	Sing	*	*	*	*	*	*	Case=Ins\|Number=Sing	*	*	\[/N\]\[Ins\]	PROPN	Berlusconi	_	_	_	OBL	basic	44-5	_	_	
44-5	8462-8470	említett	*	*	Nom	*	Pos	*	*	*	*	Sing	*	*	*	*	*	*	Case=Nom\|Degree=Pos\|Number=Sing	*	*	\[/Adj\]\[Nom\]	ADJ	említett	_	_	_	ATT	basic	44-6	_	_	
44-6	8471-8483	feszültségek	*	*	Nom	*	*	*	*	*	*	Plur	*	*	*	*	*	*	Case=Nom\|Number=Plur	*	*	\[/N\]\[Pl\]\[Nom\]	NOUN	feszültség	_	_	_	ATT	basic	44-7	_	_	
44-7	8484-8489	miatt	_	_	_	_	_	_	_	_	_	_	_	_	_	_	_	_	_	_	_	\[/Post\]	ADP	miatt	_	_	_	MODE	basic	44-8	_	_	
44-8	8490-8498	sikerült	*	*	*	*	*	*	Ind	*	*	Sing	3	*	*	*	Past	*	Definite=Ind\|Mood=Ind\|Number=Sing\|Person=3\|Tense=Past\|VerbForm=Fin\|Voice=Act	Fin	Act	\[/V\]\[Pst.NDef.3Sg\]	VERB	sikerül	_	_	_	ROOT	basic	44-8	_	_	
44-9	8499-8508	döcögősre	*	*	Sub	*	*	*	*	*	*	Sing	*	*	*	*	*	*	Case=Sub\|Number=Sing	*	*	\[/N\]\[Subl\]	NOUN	döcögős	_	_	_	OBL	basic	44-8	_	_	
44-10	8509-8510	,	_	_	_	_	_	_	_	_	_	_	_	_	_	_	_	_	_	_	_	\[Punct\]	PUNCT	,	_	_	_	PUNCT	basic	44-9	_	_	
44-11	8511-8517	kérdés	*	*	Nom	*	*	*	*	*	*	Sing	*	*	*	*	*	*	Case=Nom\|Number=Sing	*	*	\[/N\]\[Nom\]	NOUN	kérdés	_	_	_	COORD	basic	44-9	_	_	
44-12	8518-8519	,	_	_	_	_	_	_	_	_	_	_	_	_	_	_	_	_	_	_	_	\[Punct\]	PUNCT	,	_	_	_	PUNCT	basic	44-8	_	_	
44-13	8520-8524	hogy	_	_	_	_	_	_	_	_	_	_	_	_	_	_	_	_	_	_	_	\[/Cnj\]	SCONJ	hogy	_	_	_	CONJ	basic	44-8	_	_	
44-14	8525-8526	a	*	*	*	*	*	*	*	*	*	*	*	*	Art	*	*	*	Definite=Def\|PronType=Art	*	*	\[/Det\|Art.Def\]	DET	a	_	_	_	DET	basic	44-16	_	_	
44-15	8527-8531	volt	*	*	Nom	*	Pos	*	*	*	*	Sing	*	*	*	*	*	*	Case=Nom\|Degree=Pos\|Number=Sing	*	*	\[/Adj\]\[Nom\]	ADJ	volt	_	_	_	ATT	basic	44-16	_	_	
44-16	8532-8541	kormányfő	*	*	Nom	*	*	*	*	*	*	Sing	*	*	*	*	*	*	Case=Nom\|Number=Sing	*	*	\[/N\]\[Nom\]	NOUN	kormányfő	_	_	_	SUBJ	basic	44-18	_	_	
44-17	8542-8550	mennyire	*	*	Nom	*	*	*	*	*	*	Sing	3	*	Int	*	*	*	Case=Nom\|Number=Sing\|Person=3\|PronType=Int	*	*	\[/Adv\|Pro\|Int\]	PRON	mennyire	_	_	_	SUBJ	basic	44-18	_	_	
44-18	8551-8557	készül	*	*	*	*	*	*	Ind	*	*	Sing	3	*	*	*	Pres	*	Definite=Ind\|Mood=Ind\|Number=Sing\|Person=3\|Tense=Pres\|VerbForm=Fin\|Voice=Act	Fin	Act	\[/V\]\[Prs.NDef.3Sg\]	VERB	készül	_	_	_	ATT	basic	44-13	_	_	
44-19	8558-8565	további	*	*	Nom	*	Pos	*	*	*	*	Sing	*	*	*	*	*	*	Case=Nom\|Degree=Pos\|Number=Sing	*	*	\[/Adj\]\[Nom\]	ADJ	további	_	_	_	ATT	basic	44-20	_	_	
44-20	8566-8581	kikacsintásokra	*	*	Sub	*	*	*	*	*	*	Plur	*	*	*	*	*	*	Case=Sub\|Number=Plur	*	*	\[/N\]\[Pl\]\[Subl\]	NOUN	kikacsintás	_	_	_	OBL	basic	44-18	_	_	
44-21	8582-8583	a	*	*	*	*	*	*	*	*	*	*	*	*	Art	*	*	*	Definite=Def\|PronType=Art	*	*	\[/Det\|Art.Def\]	DET	a	_	_	_	DET	basic	44-23	_	_	
44-22	8584-8593	koalíciós	*	*	Nom	*	Pos	*	*	*	*	Sing	*	*	*	*	*	*	Case=Nom\|Degree=Pos\|Number=Sing	*	*	\[/Adj\]\[Nom\]	ADJ	koalíciós	_	_	_	ATT	basic	44-23	_	_	
44-23	8594-8608	álláspontokkal	*	*	Ins	*	*	*	*	*	*	Plur	*	*	*	*	*	*	Case=Ins\|Number=Plur	*	*	\[/N\]\[Pl\]\[Ins\]	NOUN	álláspont	_	_	_	OBL	basic	44-24	_	_	
44-24	8609-8616	szemben	_	_	_	_	_	_	_	_	_	_	_	_	_	_	_	_	_	_	_	\[/Post\|(Ins)\]	ADP	szemben	_	_	_	MODE	basic	44-18	_	_	
44-25	8617-8618	.	_	_	_	_	_	_	_	_	_	_	_	_	_	_	_	_	_	_	_	\[Punct\]	PUNCT	.	_	_	_	PUNCT	basic	44-25	_	_	

#Text=Berlusconi is felszólalt szerdán a szenátus ülésén , ott már azt mondta , hogy „ nem tehetünk mást , mint hogy védjük Ukrajna jogait .
45-1	8619-8629	Berlusconi	*	*	Nom	*	*	*	*	*	*	Sing	*	*	*	*	*	*	Case=Nom\|Number=Sing	*	*	\[/N\]\[Nom\]	PROPN	Berlusconi	_	_	_	SUBJ	basic	45-3	_	_	
45-2	8630-8632	is	_	_	_	_	_	_	_	_	_	_	_	_	_	_	_	_	_	_	_	\[/Adv\]	ADV	is	_	_	_	MODE	basic	45-3	_	_	
45-3	8633-8643	felszólalt	*	*	*	*	*	*	Ind	*	*	Sing	3	*	*	*	Past	*	Definite=Ind\|Mood=Ind\|Number=Sing\|Person=3\|Tense=Past\|VerbForm=Fin\|Voice=Act	Fin	Act	\[/V\]\[Pst.NDef.3Sg\]	VERB	felszólal	_	_	_	ROOT	basic	45-3	_	_	
45-4	8644-8651	szerdán	*	*	Sup	*	*	*	*	*	*	Sing	*	*	*	*	*	*	Case=Sup\|Number=Sing	*	*	\[/N\]\[Supe\]	NOUN	szerda	_	_	_	OBL	basic	45-3	_	_	
45-5	8652-8653	a	*	*	*	*	*	*	*	*	*	*	*	*	Art	*	*	*	Definite=Def\|PronType=Art	*	*	\[/Det\|Art.Def\]	DET	a	_	_	_	DET	basic	45-6	_	_	
45-6	8654-8662	szenátus	*	*	Nom	*	*	*	*	*	*	Sing	*	*	*	*	*	*	Case=Nom\|Number=Sing	*	*	\[/N\]\[Nom\]	NOUN	szenátus	_	_	_	ATT	basic	45-7	_	_	
45-7	8663-8669	ülésén	*	*	Sup	*	*	*	*	*	*	Sing	*	*	*	*	*	*	Case=Sup\|Number=Sing\|Number\[psor\]=Sing\|Person\[psor\]=3	*	*	\[/N\]\[Poss.3Sg\]\[Supe\]	NOUN	ülés	_	_	_	OBL	basic	45-3	_	_	
45-8	8670-8671	,	_	_	_	_	_	_	_	_	_	_	_	_	_	_	_	_	_	_	_	\[Punct\]	PUNCT	,	_	_	_	PUNCT	basic	45-3	_	_	
45-9	8672-8675	ott	*	*	Nom	*	*	*	*	*	*	Sing	3	*	Prs	*	*	*	Case=Nom\|Number=Sing\|Person=3\|PronType=Prs	*	*	\[/Adv\|Pro\]	PRON	ott	_	_	_	SUBJ	basic	45-12	_	_	
45-10	8676-8679	már	_	_	_	_	_	_	_	_	_	_	_	_	_	_	_	_	_	_	_	\[/Adv\]	ADV	már	_	_	_	TLOCY	basic	45-12	_	_	
45-11	8680-8683	azt	*	*	Acc	*	*	*	*	*	*	Sing	3	*	Dem	*	*	*	Case=Acc\|Number=Sing\|Person=3\|PronType=Dem	*	*	\[/Det\|Pro\]\[Acc\]	PRON	az	_	_	_	OBJ	basic	45-12	_	_	
45-12	8684-8690	mondta	*	*	*	*	*	*	Ind	*	*	Sing	3	*	*	*	Past	*	Definite=Def\|Mood=Ind\|Number=Sing\|Person=3\|Tense=Past\|VerbForm=Fin\|Voice=Act	Fin	Act	\[/V\]\[Pst.Def.3Sg\]	VERB	mond	_	_	_	COORD	basic	45-3	_	_	
45-13	8691-8692	,	_	_	_	_	_	_	_	_	_	_	_	_	_	_	_	_	_	_	_	\[Punct\]	PUNCT	,	_	_	_	PUNCT	basic	45-12	_	_	
45-14	8693-8697	hogy	_	_	_	_	_	_	_	_	_	_	_	_	_	_	_	_	_	_	_	\[/Cnj\]	SCONJ	hogy	_	_	_	CONJ	basic	45-12	_	_	
45-15	8698-8699	„	_	_	_	_	_	_	_	_	_	_	_	_	_	_	_	_	_	_	_	\[Punct\]	PUNCT	„	_	_	_	PUNCT	basic	45-17	_	_	
45-16	8700-8703	nem	*	*	*	*	*	*	*	*	*	*	*	*	Neg	*	*	*	PronType=Neg	*	*	\[/Adv\]	ADV	nem	_	_	_	NEG	basic	45-17	_	_	
45-17	8704-8712	tehetünk	*	*	*	*	*	*	Pot	*	*	Plur	1	*	*	*	Pres	*	Definite=Ind\|Mood=Pot\|Number=Plur\|Person=1\|Tense=Pres\|VerbForm=Fin\|Voice=Act	Fin	Act	\[/V\]\[\_Mod/V\]\[Prs.NDef.1Pl\]	VERB	tesz	_	_	_	ATT	basic	45-14	_	_	
45-18	8713-8717	mást	*	*	Acc	*	Pos	*	*	*	*	Sing	*	*	*	*	*	*	Case=Acc\|Degree=Pos\|Number=Sing	*	*	\[/Adj\|Pro\]\[Acc\]	ADJ	más	_	_	_	OBJ	basic	45-17	_	_	
45-19	8718-8719	,	_	_	_	_	_	_	_	_	_	_	_	_	_	_	_	_	_	_	_	\[Punct\]	PUNCT	,	_	_	_	PUNCT	basic	45-17	_	_	
45-20	8720-8724	mint	_	_	_	_	_	_	_	_	_	_	_	_	_	_	_	_	_	_	_	\[/Cnj\]	SCONJ	mint	_	_	_	CONJ	basic	45-17	_	_	
45-21	8725-8729	hogy	_	_	_	_	_	_	_	_	_	_	_	_	_	_	_	_	_	_	_	\[/Cnj\]	SCONJ	hogy	_	_	_	CONJ	basic	45-20	_	_	
45-22	8730-8736	védjük	*	*	*	*	*	*	Ind	*	*	Plur	1	*	*	*	Pres	*	Definite=Def\|Mood=Ind\|Number=Plur\|Person=1\|Tense=Pres\|VerbForm=Fin\|Voice=Act	Fin	Act	\[/V\]\[Prs.Def.1Pl\]	VERB	véd	_	_	_	ATT	basic	45-21	_	_	
45-23	8737-8744	Ukrajna	*	*	Nom	*	*	*	*	*	*	Sing	*	*	*	*	*	*	Case=Nom\|Number=Sing	*	*	\[/N\]\[Nom\]	PROPN	Ukrajna	_	*	PRW	ATT	basic	45-24	poss	45-24	
45-24	8745-8751	jogait	*	*	Acc	*	*	*	*	*	*	Plur	*	*	*	*	*	*	Case=Acc\|Number=Plur\|Number\[psor\]=Sing\|Person\[psor\]=3	*	*	\[/N\]\[Pl.Poss.3Sg\]\[Acc\]	NOUN	jog	Pnov	*	PRW	OBJ	basic	45-22	_	_	
45-25	8752-8753	.	_	_	_	_	_	_	_	_	_	_	_	_	_	_	_	_	_	_	_	\[Punct\]	PUNCT	.	_	_	_	PUNCT	basic	45-25	_	_	

#Text=( ... )
46-1	8754-8755	(	_	_	_	_	_	_	_	_	_	_	_	_	_	_	_	_	_	_	_	\[Punct\]	PUNCT	(	_	_	_	PUNCT	basic	46-1	_	_	
46-2	8756-8759	...	_	_	_	_	_	_	_	_	_	_	_	_	_	_	_	_	_	_	_	\[Punct\]	PUNCT	...	_	_	_	PUNCT	basic	46-2	_	_	
46-3	8760-8761	)	_	_	_	_	_	_	_	_	_	_	_	_	_	_	_	_	_	_	_	\[Punct\]	PUNCT	)	_	_	_	PUNCT	basic	46-3	_	_	

#Text=A békén kell dolgoznunk , teljes összhangban szövetségeseinkkel , és az ukrán nép akaratát tiszteletben tartva. ” A Ligával a vártnál valamivel rosszabb választási eredményt elérő Salvini pedig ugyan megkapta a miniszterelnök-helyettesi és a kikötőkért is felelős infrastrukturális miniszteri posztot – 2019-ben belügyminiszterként ő akadályozta meg egy menekülteket szállító hajó kikötését , amely miatt 2021-ben bíróság elé is állt -, ám az utóbbi hetekben többször a szankciók eltörlése mellett ágált , amivel szembement Meloni hivatalos álláspontjával .
47-1	8762-8763	A	*	*	*	*	*	*	*	*	*	*	*	*	Art	*	*	*	Definite=Def\|PronType=Art	*	*	\[/Det\|Art.Def\]	DET	a	_	_	_	DET	basic	47-2	_	_	
47-2	8764-8769	békén	*	*	Sup	*	*	*	*	*	*	Sing	*	*	*	*	*	*	Case=Sup\|Number=Sing	*	*	\[/N\]\[Supe\]	NOUN	béke	_	_	_	OBL	basic	47-4	_	_	
47-3	8770-8774	kell	*	*	*	*	*	*	Ind	*	*	Sing	3	*	*	*	Pres	*	Definite=Ind\|Mood=Ind\|Number=Sing\|Person=3\|Tense=Pres\|VerbForm=Fin\|Voice=Act	Fin	Act	\[/V\]\[Prs.NDef.3Sg\]	VERB	kell	_	_	_	ROOT	basic	47-3	_	_	
47-4	8775-8785	dolgoznunk	*	*	*	*	*	*	*	*	*	Plur	1	*	*	*	Pres	*	Number=Plur\|Person=1\|Tense=Pres\|VerbForm=Inf\|Voice=Act	Inf	Act	\[/V\]\[Inf.1Pl\]	VERB	dolgozik	_	_	_	INF	basic	47-3	_	_	
47-5	8786-8787	,	_	_	_	_	_	_	_	_	_	_	_	_	_	_	_	_	_	_	_	\[Punct\]	PUNCT	,	_	_	_	PUNCT	basic	47-3	_	_	
47-6	8788-8794	teljes	*	*	Nom	*	Pos	*	*	*	*	Sing	*	*	*	*	*	*	Case=Nom\|Degree=Pos\|Number=Sing	*	*	\[/Adj\]\[Nom\]	ADJ	teljes	_	_	_	ATT	basic	47-7	_	_	
47-7	8795-8806	összhangban	*	*	Ine	*	*	*	*	*	*	Sing	*	*	*	*	*	*	Case=Ine\|Number=Sing	*	*	\[/N\]\[Ine\]	NOUN	összhang	_	_	_	OBL	basic	47-8	_	_	
47-8	8807-8825	szövetségeseinkkel	*	*	Ins	*	*	*	*	*	*	Plur	*	*	*	*	*	*	Case=Ins\|Number=Plur\|Number\[psor\]=Plur\|Person\[psor\]=1	*	*	\[/N\]\[Pl.Poss.1Pl\]\[Ins\]	NOUN	szövetséges	_	_	_	OBL	basic	47-3	_	_	
47-9	8826-8827	,	_	_	_	_	_	_	_	_	_	_	_	_	_	_	_	_	_	_	_	\[Punct\]	PUNCT	,	_	_	_	PUNCT	basic	47-3	_	_	
47-10	8828-8830	és	_	_	_	_	_	_	_	_	_	_	_	_	_	_	_	_	_	_	_	\[/Cnj\]	CONJ	és	_	_	_	CONJ	basic	47-3	_	_	
47-11	8831-8833	az	*	*	*	*	*	*	*	*	*	*	*	*	Art	*	*	*	Definite=Def\|PronType=Art	*	*	\[/Det\|Art.Def\]	DET	az	_	_	_	DET	basic	47-13	_	_	
47-12	8834-8839	ukrán	*	*	Nom	*	Pos	*	*	*	*	Sing	*	*	*	*	*	*	Case=Nom\|Degree=Pos\|Number=Sing	*	*	\[/Adj\]\[Nom\]	ADJ	ukrán	_	_	_	ATT	basic	47-13	_	_	
47-13	8840-8843	nép	*	*	Nom	*	*	*	*	*	*	Sing	*	*	*	*	*	*	Case=Nom\|Number=Sing	*	*	\[/N\]\[Nom\]	NOUN	nép	_	*	PRWid	ATT	basic	47-14	poss	47-14	
47-14	8844-8852	akaratát	*	*	Acc	*	*	*	*	*	*	Sing	*	*	*	*	*	*	Case=Acc\|Number=Sing\|Number\[psor\]=Sing\|Person\[psor\]=3	*	*	\[/N\]\[Poss.3Sg\]\[Acc\]	NOUN	akarat	Pdef	*	PRWid	OBJ	basic	47-30	_	_	
47-15	8853-8865	tiszteletben	*	*	Ine	*	*	*	*	*	*	Sing	*	*	*	*	*	*	Case=Ine\|Number=Sing	*	*	\[/N\]\[Ine\]	NOUN	tisztelet	_	_	_	OBL	basic	47-30	_	_	
47-16	8866-8873	tartva.	*	*	*	*	*	*	*	*	*	*	*	*	*	*	*	*	VerbForm=Trans	Trans	*	\[/V\]\[\_AdvPtcp/Adv\]\[Punct\]	ADV	tart	_	_	_	MODE	basic	47-30	_	_	
47-17	8874-8875	”	_	_	_	_	_	_	_	_	_	_	_	_	_	_	_	_	_	_	_	\[Punct\]	PUNCT	”	_	_	_	PUNCT	basic	47-30	_	_	
47-18	8876-8877	A	*	*	*	*	*	*	*	*	*	*	*	*	Art	*	*	*	Definite=Def\|PronType=Art	*	*	\[/Det\|Art.Def\]	DET	a	_	_	_	DET	basic	47-19	_	_	
47-19	8878-8885	Ligával	*	*	Ins	*	*	*	*	*	*	Sing	*	*	*	*	*	*	Case=Ins\|Number=Sing	*	*	\[/N\]\[Ins\]	NOUN	liga	_	_	_	OBL	basic	47-30	_	_	
47-20	8886-8887	a	*	*	*	*	*	*	*	*	*	*	*	*	Art	*	*	*	Definite=Def\|PronType=Art	*	*	\[/Det\|Art.Def\]	DET	a	_	_	_	DET	basic	47-21	_	_	
47-21	8888-8895	vártnál	*	*	Ade	*	Pos	*	*	*	*	Sing	*	*	*	*	*	*	Case=Ade\|Degree=Pos\|Number=Sing	*	*	\[/Adj\]\[Ade\]	ADJ	várt	_	_	_	OBL	basic	47-23	_	_	
47-22	8896-8905	valamivel	*	*	Ins	*	*	*	*	*	*	Sing	3	*	Ind	*	*	*	Case=Ins\|Number=Sing\|Person=3\|PronType=Ind	*	*	\[/N\|Pro\]\[Ins\]	PRON	valami	_	_	_	MODE	basic	47-23	_	_	
47-23	8906-8914	rosszabb	*	*	Nom	*	Cmp	*	*	*	*	Sing	*	*	*	*	*	*	Case=Nom\|Degree=Cmp\|Number=Sing	*	*	\[/Adj\]\[\_Comp/Adj\]\[Nom\]	ADJ	rossz	_	_	_	ATT	basic	47-25	_	_	
47-24	8915-8925	választási	*	*	Nom	*	Pos	*	*	*	*	Sing	*	*	*	*	*	*	Case=Nom\|Degree=Pos\|Number=Sing	*	*	\[/Adj\]\[Nom\]	ADJ	választási	_	_	_	ATT	basic	47-25	_	_	
47-25	8926-8935	eredményt	*	*	Acc	*	*	*	*	*	*	Sing	*	*	*	*	*	*	Case=Acc\|Number=Sing	*	*	\[/N\]\[Acc\]	NOUN	eredmény	_	_	_	OBJ	basic	47-26	_	_	
47-26	8936-8941	elérő	*	*	Nom	*	Pos	*	*	*	*	Sing	*	*	*	*	*	*	Case=Nom\|Degree=Pos\|Number=Sing	*	*	\[/Adj\]\[Nom\]	ADJ	elérő	_	_	_	ATT	basic	47-27	_	_	
47-27	8942-8949	Salvini	*	*	Nom	*	*	*	*	*	*	Sing	*	*	*	*	*	*	Case=Nom\|Number=Sing	*	*	\[/N\]\[Nom\]	PROPN	Salvini	_	_	_	SUBJ	basic	47-30	_	_	
47-28	8950-8955	pedig	_	_	_	_	_	_	_	_	_	_	_	_	_	_	_	_	_	_	_	\[/Cnj\]	CONJ	pedig	_	_	_	CONJ	basic	47-30	_	_	
47-29	8956-8961	ugyan	_	_	_	_	_	_	_	_	_	_	_	_	_	_	_	_	_	_	_	\[/Adv\]	ADV	ugyan	_	_	_	MODE	basic	47-30	_	_	
47-30	8962-8970	megkapta	*	*	*	*	*	*	Ind	*	*	Sing	3	*	*	*	Past	*	Definite=Def\|Mood=Ind\|Number=Sing\|Person=3\|Tense=Past\|VerbForm=Fin\|Voice=Act	Fin	Act	\[/V\]\[Pst.Def.3Sg\]	VERB	megkap	_	_	_	COORD	basic	47-10	_	_	
47-31	8971-8972	a	*	*	*	*	*	*	*	*	*	*	*	*	Art	*	*	*	Definite=Def\|PronType=Art	*	*	\[/Det\|Art.Def\]	DET	a	_	_	_	DET	basic	47-32	_	_	
47-32	8973-8998	miniszterelnök-helyettesi	*	*	Nom	*	Pos	*	*	*	*	Sing	*	*	*	*	*	*	Case=Nom\|Degree=Pos\|Number=Sing	*	*	\[/Adj\]\[Nom\]	ADJ	miniszterelnök-helyettesi	_	_	_	ATT	basic	47-38	_	_	
47-33	8999-9001	és	_	_	_	_	_	_	_	_	_	_	_	_	_	_	_	_	_	_	_	\[/Cnj\]	CONJ	és	_	_	_	CONJ	basic	47-32	_	_	
47-34	9002-9003	a	*	*	*	*	*	*	*	*	*	*	*	*	Art	*	*	*	Definite=Def\|PronType=Art	*	*	\[/Det\|Art.Def\]	DET	a	_	_	_	DET	basic	47-35	_	_	
47-35	9004-9014	kikötőkért	*	*	Cau	*	*	*	*	*	*	Plur	*	*	*	*	*	*	Case=Cau\|Number=Plur	*	*	\[/N\]\[Pl\]\[Cau\]	NOUN	kikötő	_	_	_	OBL	basic	47-37	_	_	
47-36	9015-9017	is	_	_	_	_	_	_	_	_	_	_	_	_	_	_	_	_	_	_	_	\[/Adv\]	ADV	is	_	_	_	MODE	basic	47-35	_	_	
47-37	9018-9025	felelős	*	*	Nom	*	Pos	*	*	*	*	Sing	*	*	*	*	*	*	Case=Nom\|Degree=Pos\|Number=Sing	*	*	\[/Adj\]\[Nom\]	ADJ	felelős	_	_	_	COORD	basic	47-33	_	_	
47-38	9026-9043	infrastrukturális	*	*	Nom	*	Pos	*	*	*	*	Sing	*	*	*	*	*	*	Case=Nom\|Degree=Pos\|Number=Sing	*	*	\[/Adj\]\[Nom\]	ADJ	infrastrukturális	_	_	_	ATT	basic	47-40	_	_	
47-39	9044-9054	miniszteri	*	*	Nom	*	Pos	*	*	*	*	Sing	*	*	*	*	*	*	Case=Nom\|Degree=Pos\|Number=Sing	*	*	\[/Adj\]\[Nom\]	ADJ	miniszteri	_	_	_	ATT	basic	47-40	_	_	
47-40	9055-9062	posztot	*	*	Acc	*	*	*	*	*	*	Sing	*	*	*	*	*	*	Case=Acc\|Number=Sing	*	*	\[/N\]\[Acc\]	NOUN	poszt	_	_	_	OBJ	basic	47-30	_	_	
47-41	9063-9064	–	_	_	_	_	_	_	_	_	_	_	_	_	_	_	_	_	_	_	_	\[Hyph:Dash\]	X	–	_	_	_	MODE	basic	47-45	_	_	
47-42	9065-9073	2019-ben	*	*	Ine	*	*	*	*	*	Card	Sing	*	*	*	*	*	*	Case=Ine\|Number=Sing\|NumType=Card	*	*	\[/Num\|Digit\]\[Ine\]	NUM	2019	_	_	_	OBL	basic	47-45	_	_	
47-43	9074-9093	belügyminiszterként	*	*	Ess	*	*	*	*	*	*	Sing	*	*	*	*	*	*	Case=Ess\|Number=Sing	*	*	\[/N\]\[EssFor:ként\]	NOUN	belügyminiszter	_	_	_	OBL	basic	47-45	_	_	
47-44	9094-9095	ő	*	*	Nom	*	*	*	*	*	*	Sing	3	*	Prs	*	*	*	Case=Nom\|Number=Sing\|Person=3\|PronType=Prs	*	*	\[/N\|Pro\]\[3Sg\]\[Nom\]	PRON	ő	_	_	_	SUBJ	basic	47-45	_	_	
47-45	9096-9107	akadályozta	*	*	*	*	*	*	Ind	*	*	Sing	3	*	*	*	Past	*	Definite=Def\|Mood=Ind\|Number=Sing\|Person=3\|Tense=Past\|VerbForm=Fin\|Voice=Act	Fin	Act	\[/V\]\[Pst.Def.3Sg\]	VERB	akadályoz	_	_	_	COORD	basic	47-30	_	_	
47-46	9108-9111	meg	_	_	_	_	_	_	_	_	_	_	_	_	_	_	_	_	_	_	_	\[/Prev\]	PART	meg	_	_	_	PREVERB	basic	47-45	_	_	
47-47	9112-9115	egy	*	*	*	*	*	*	*	*	*	*	*	*	Art	*	*	*	Definite=Ind\|PronType=Art	*	*	\[/Det\|Art.NDef\]	DET	egy	_	_	_	DET	basic	47-48	_	_	
47-48	9116-9128	menekülteket	*	*	Acc	*	*	*	*	*	*	Plur	*	*	*	*	*	*	Case=Acc\|Number=Plur	*	*	\[/N\]\[Pl\]\[Acc\]	NOUN	menekült	_	_	_	OBJ	basic	47-49	_	_	
47-49	9129-9137	szállító	*	*	Nom	*	Pos	*	*	*	*	Sing	*	*	*	*	*	*	Case=Nom\|Degree=Pos\|Number=Sing	*	*	\[/Adj\]\[Nom\]	ADJ	szállító	_	_	_	ATT	basic	47-50	_	_	
47-50	9138-9142	hajó	*	*	Nom	*	*	*	*	*	*	Sing	*	*	*	*	*	*	Case=Nom\|Number=Sing	*	*	\[/N\]\[Nom\]	NOUN	hajó	_	_	_	ATT	basic	47-51	_	_	
47-51	9143-9152	kikötését	*	*	Acc	*	*	*	*	*	*	Sing	*	*	*	*	*	*	Case=Acc\|Number=Sing\|Number\[psor\]=Sing\|Person\[psor\]=3	*	*	\[/N\]\[Poss.3Sg\]\[Acc\]	NOUN	kikötés	_	_	_	OBJ	basic	47-45	_	_	
47-52	9153-9154	,	_	_	_	_	_	_	_	_	_	_	_	_	_	_	_	_	_	_	_	\[Punct\]	PUNCT	,	_	_	_	PUNCT	basic	47-45	_	_	
47-53	9155-9160	amely	*	*	Nom	*	*	*	*	*	*	Sing	3	*	Rel	*	*	*	Case=Nom\|Number=Sing\|Person=3\|PronType=Rel	*	*	\[/N\|Pro\|Rel\]\[Nom\]	PRON	amely	_	_	_	ATT	basic	47-54	_	_	
47-54	9161-9166	miatt	_	_	_	_	_	_	_	_	_	_	_	_	_	_	_	_	_	_	_	\[/Post\]	ADP	miatt	_	_	_	MODE	basic	47-59	_	_	
47-55	9167-9175	2021-ben	*	*	Ine	*	*	*	*	*	Card	Sing	*	*	*	*	*	*	Case=Ine\|Number=Sing\|NumType=Card	*	*	\[/Num\|Digit\]\[Ine\]	NUM	2021	_	_	_	OBL	basic	47-59	_	_	
47-56	9176-9183	bíróság	*	*	Nom	*	*	*	*	*	*	Sing	*	*	*	*	*	*	Case=Nom\|Number=Sing	*	*	\[/N\]\[Nom\]	NOUN	bíróság	_	_	_	ATT	basic	47-57	_	_	
47-57	9184-9187	elé	_	_	_	_	_	_	_	_	_	_	_	_	_	_	_	_	_	_	_	\[/Post\]	ADP	elé	_	_	_	MODE	basic	47-59	_	_	
47-58	9188-9190	is	_	_	_	_	_	_	_	_	_	_	_	_	_	_	_	_	_	_	_	\[/Adv\]	ADV	is	_	_	_	MODE	basic	47-57	_	_	
47-59	9191-9195	állt	*	*	*	*	*	*	Ind	*	*	Sing	3	*	*	*	Past	*	Definite=Ind\|Mood=Ind\|Number=Sing\|Person=3\|Tense=Past\|VerbForm=Fin\|Voice=Act	Fin	Act	\[/V\]\[Pst.NDef.3Sg\]	VERB	áll	_	_	_	ATT	basic	47-45	_	_	
47-60	9196-9198	-,	_	_	_	_	_	_	_	_	_	_	_	_	_	_	_	_	_	_	_	\[Punct\]	PUNCT	-,	_	_	_	PUNCT	basic	47-59	_	_	
47-61	9199-9201	ám	_	_	_	_	_	_	_	_	_	_	_	_	_	_	_	_	_	_	_	\[/Cnj\]	CONJ	ám	_	_	_	CONJ	basic	47-59	_	_	
47-62	9202-9204	az	*	*	*	*	*	*	*	*	*	*	*	*	Art	*	*	*	Definite=Def\|PronType=Art	*	*	\[/Det\|Art.Def\]	DET	az	_	_	_	DET	basic	47-64	_	_	
47-63	9205-9211	utóbbi	*	*	Nom	*	Pos	*	*	*	*	Sing	*	*	*	*	*	*	Case=Nom\|Degree=Pos\|Number=Sing	*	*	\[/Adj\]\[Nom\]	ADJ	utóbbi	_	_	_	ATT	basic	47-64	_	_	
47-64	9212-9220	hetekben	*	*	Ine	*	*	*	*	*	*	Plur	*	*	*	*	*	*	Case=Ine\|Number=Plur	*	*	\[/N\]\[Pl\]\[Ine\]	NOUN	hét	_	_	_	OBL	basic	47-70	_	_	
47-65	9221-9229	többször	*	*	Nom	*	*	*	*	*	Card	Sing	*	*	*	*	*	*	Case=Nom\|Number=Sing\|NumType=Card	*	*	\[/Num\]\[\_Comp/Num\]\[\_Mlt-Iter/Adv\]	NUM	sok	_	_	_	SUBJ	basic	47-70	_	_	
47-66	9230-9231	a	*	*	*	*	*	*	*	*	*	*	*	*	Art	*	*	*	Definite=Def\|PronType=Art	*	*	\[/Det\|Art.Def\]	DET	a	_	_	_	DET	basic	47-67	_	_	
47-67	9232-9241	szankciók	*	*	Nom	*	*	*	*	*	*	Plur	*	*	*	*	*	*	Case=Nom\|Number=Plur	*	*	\[/N\]\[Pl\]\[Nom\]	NOUN	szankció	_	_	_	ATT	basic	47-68	_	_	
47-68	9242-9251	eltörlése	*	*	Nom	*	*	*	*	*	*	Sing	*	*	*	*	*	*	Case=Nom\|Number=Sing\|Number\[psor\]=Sing\|Person\[psor\]=3	*	*	\[/N\]\[Poss.3Sg\]\[Nom\]	NOUN	eltörlés	_	_	_	ATT	basic	47-69	_	_	
47-69	9252-9259	mellett	_	_	_	_	_	_	_	_	_	_	_	_	_	_	_	_	_	_	_	\[/Post\]	ADP	mellett	_	_	_	MODE	basic	47-70	_	_	
47-70	9260-9265	ágált	*	*	*	*	*	*	Ind	*	*	Sing	3	*	*	*	Past	*	Definite=Ind\|Mood=Ind\|Number=Sing\|Person=3\|Tense=Past\|VerbForm=Fin\|Voice=Act	Fin	Act	\[/V\]\[Pst.NDef.3Sg\]	VERB	ágál	_	_	_	COORD	basic	47-61	_	_	
47-71	9266-9267	,	_	_	_	_	_	_	_	_	_	_	_	_	_	_	_	_	_	_	_	\[Punct\]	PUNCT	,	_	_	_	PUNCT	basic	47-70	_	_	
47-72	9268-9274	amivel	*	*	Ins	*	*	*	*	*	*	Sing	3	*	Rel	*	*	*	Case=Ins\|Number=Sing\|Person=3\|PronType=Rel	*	*	\[/N\|Pro\|Rel\]\[Ins\]	PRON	ami	_	_	_	OBL	basic	47-73	_	_	
47-73	9275-9285	szembement	*	*	*	*	*	*	Ind	*	*	Sing	3	*	*	*	Past	*	Definite=Ind\|Mood=Ind\|Number=Sing\|Person=3\|Tense=Past\|VerbForm=Fin\|Voice=Act	Fin	Act	\[/V\]\[Pst.NDef.3Sg\]	VERB	szembemegy	_	_	_	ATT	basic	47-70	_	_	
47-74	9286-9292	Meloni	*	*	Nom	*	*	*	*	*	*	Sing	*	*	*	*	*	*	Case=Nom\|Number=Sing	*	*	\[/N\]\[Nom\]	PROPN	Meloni	_	_	_	ATT	basic	47-76	_	_	
47-75	9293-9302	hivatalos	*	*	Nom	*	Pos	*	*	*	*	Sing	*	*	*	*	*	*	Case=Nom\|Degree=Pos\|Number=Sing	*	*	\[/Adj\]\[Nom\]	ADJ	hivatalos	_	_	_	ATT	basic	47-76	_	_	
47-76	9303-9317	álláspontjával	*	*	Ins	*	*	*	*	*	*	Sing	*	*	*	*	*	*	Case=Ins\|Number=Sing\|Number\[psor\]=Sing\|Person\[psor\]=3	*	*	\[/N\]\[Poss.3Sg\]\[Ins\]	NOUN	álláspont	_	_	_	OBL	basic	47-73	_	_	
47-77	9318-9319	.	_	_	_	_	_	_	_	_	_	_	_	_	_	_	_	_	_	_	_	\[Punct\]	PUNCT	.	_	_	_	PUNCT	basic	47-77	_	_	

#Text=Habár a jobboldali koalíciónak kényelmes többsége van az olasz parlament mindkét házában , ez nem feltétlenül jelent majd gördülékeny törvényhozást .
48-1	9320-9325	Habár	_	_	_	_	_	_	_	_	_	_	_	_	_	_	_	_	_	_	_	\[/Cnj\]	CONJ	habár	_	_	_	CONJ	basic	48-7	_	_	
48-2	9326-9327	a	*	*	*	*	*	*	*	*	*	*	*	*	Art	*	*	*	Definite=Def\|PronType=Art	*	*	\[/Det\|Art.Def\]	DET	a	_	_	_	DET	basic	48-4	_	_	
48-3	9328-9338	jobboldali	*	*	Nom	*	Pos	*	*	*	*	Sing	*	*	*	*	*	*	Case=Nom\|Degree=Pos\|Number=Sing	*	*	\[/Adj\]\[Nom\]	ADJ	jobboldali	_	_	_	ATT	basic	48-4	_	_	
48-4	9339-9350	koalíciónak	*	*	Dat	*	*	*	*	*	*	Sing	*	*	*	*	*	*	Case=Dat\|Number=Sing	*	*	\[/N\]\[Dat\]	NOUN	koalíció	_	_	_	ATT	basic	48-7	_	_	
48-5	9351-9360	kényelmes	*	*	Nom	*	Pos	*	*	*	*	Sing	*	*	*	*	*	*	Case=Nom\|Degree=Pos\|Number=Sing	*	*	\[/Adj\]\[Nom\]	ADJ	kényelmes	_	_	_	ATT	basic	48-6	_	_	
48-6	9361-9369	többsége	*	*	Nom	*	*	*	*	*	*	Sing	*	*	*	*	*	*	Case=Nom\|Number=Sing\|Number\[psor\]=Sing\|Person\[psor\]=3	*	*	\[/N\]\[Poss.3Sg\]\[Nom\]	NOUN	többség	_	_	_	SUBJ	basic	48-7	_	_	
48-7	9370-9373	van	*	*	*	*	*	*	Ind	*	*	Sing	3	*	*	*	Pres	*	Definite=Ind\|Mood=Ind\|Number=Sing\|Person=3\|Tense=Pres\|VerbForm=Fin\|Voice=Act	Fin	Act	\[/V\]\[Prs.NDef.3Sg\]	VERB	van	_	_	_	ROOT	basic	48-7	_	_	
48-8	9374-9376	az	*	*	*	*	*	*	*	*	*	*	*	*	Art	*	*	*	Definite=Def\|PronType=Art	*	*	\[/Det\|Art.Def\]	DET	az	_	_	_	DET	basic	48-10	_	_	
48-9	9377-9382	olasz	*	*	Nom	*	Pos	*	*	*	*	Sing	*	*	*	*	*	*	Case=Nom\|Degree=Pos\|Number=Sing	*	*	\[/Adj\]\[Nom\]	ADJ	olasz	_	_	_	ATT	basic	48-10	_	_	
48-10	9383-9392	parlament	*	*	Nom	*	*	*	*	*	*	Sing	*	*	*	*	*	*	Case=Nom\|Number=Sing	*	*	\[/N\]\[Nom\]	NOUN	parlament	_	_	_	ATT	basic	48-12	_	_	
48-11	9393-9400	mindkét	*	*	Nom	*	*	*	*	*	Card	Sing	*	*	*	*	*	*	Case=Nom\|Number=Sing\|NumType=Card	*	*	\[/Num\|Attr\]\[Nom\]	NUM	mindkét	_	_	_	ATT	basic	48-12	_	_	
48-12	9401-9408	házában	*	*	Ine	*	*	*	*	*	*	Sing	*	*	*	*	*	*	Case=Ine\|Number=Sing\|Number\[psor\]=Sing\|Person\[psor\]=3	*	*	\[/N\]\[Poss.3Sg\]\[Ine\]	NOUN	ház	_	_	_	OBL	basic	48-7	_	_	
48-13	9409-9410	,	_	_	_	_	_	_	_	_	_	_	_	_	_	_	_	_	_	_	_	\[Punct\]	PUNCT	,	_	_	_	PUNCT	basic	48-7	_	_	
48-14	9411-9413	ez	*	*	Nom	*	*	*	*	*	*	Sing	3	*	Dem	*	*	*	Case=Nom\|Number=Sing\|Person=3\|PronType=Dem	*	*	\[/Det\|Pro\]\[Nom\]	PRON	ez	_	_	_	SUBJ	basic	48-17	_	_	
48-15	9414-9417	nem	*	*	*	*	*	*	*	*	*	*	*	*	Neg	*	*	*	PronType=Neg	*	*	\[/Adv\]	ADV	nem	_	_	_	NEG	basic	48-17	_	_	
48-16	9418-9429	feltétlenül	_	_	_	_	_	_	_	_	_	_	_	_	_	_	_	_	_	_	_	\[/Adv\]	ADV	feltétlenül	_	_	_	MODE	basic	48-17	_	_	
48-17	9430-9436	jelent	*	*	*	*	*	*	Ind	*	*	Sing	3	*	*	*	Pres	*	Definite=Ind\|Mood=Ind\|Number=Sing\|Person=3\|Tense=Pres\|VerbForm=Fin\|Voice=Act	Fin	Act	\[/V\]\[Prs.NDef.3Sg\]	VERB	jelent	_	_	_	COORD	basic	48-7	_	_	
48-18	9437-9441	majd	_	_	_	_	_	_	_	_	_	_	_	_	_	_	_	_	_	_	_	\[/Adv\]	ADV	majd	_	_	_	TLOCY	basic	48-17	_	_	
48-19	9442-9453	gördülékeny	*	*	Nom	*	Pos	*	*	*	*	Sing	*	*	*	*	*	*	Case=Nom\|Degree=Pos\|Number=Sing	*	*	\[/Adj\]\[Nom\]	ADJ	gördülékeny	_	_	_	ATT	basic	48-20	_	_	
48-20	9454-9467	törvényhozást	*	*	Acc	*	*	*	*	*	*	Sing	*	*	*	*	*	*	Case=Acc\|Number=Sing	*	*	\[/N\]\[Acc\]	NOUN	törvényhozás	_	_	_	OBJ	basic	48-17	_	_	
48-21	9468-9469	.	_	_	_	_	_	_	_	_	_	_	_	_	_	_	_	_	_	_	_	\[Punct\]	PUNCT	.	_	_	_	PUNCT	basic	48-21	_	_	

#Text=Már megtörtént ugyanis , hogy Meloninak szüksége volt az ellenzéki pártok voksaira , miután a Forza Italia nem volt hajlandó megszavazni a szenátus elnökének kinevezését .
49-1	9470-9473	Már	_	_	_	_	_	_	_	_	_	_	_	_	_	_	_	_	_	_	_	\[/Adv\]	ADV	már	_	_	_	TLOCY	basic	49-2	_	_	
49-2	9474-9484	megtörtént	*	*	*	*	*	*	Ind	*	*	Sing	3	*	*	*	Past	*	Definite=Ind\|Mood=Ind\|Number=Sing\|Person=3\|Tense=Past\|VerbForm=Fin\|Voice=Act	Fin	Act	\[/V\]\[Pst.NDef.3Sg\]	VERB	megtörténik	_	_	_	ROOT	basic	49-2	_	_	
49-3	9485-9492	ugyanis	_	_	_	_	_	_	_	_	_	_	_	_	_	_	_	_	_	_	_	\[/Cnj\]	CONJ	ugyanis	_	_	_	CONJ	basic	49-2	_	_	
49-4	9493-9494	,	_	_	_	_	_	_	_	_	_	_	_	_	_	_	_	_	_	_	_	\[Punct\]	PUNCT	,	_	_	_	PUNCT	basic	49-2	_	_	
49-5	9495-9499	hogy	_	_	_	_	_	_	_	_	_	_	_	_	_	_	_	_	_	_	_	\[/Cnj\]	SCONJ	hogy	_	_	_	CONJ	basic	49-2	_	_	
49-6	9500-9509	Meloninak	*	*	Dat	*	*	*	*	*	*	Sing	*	*	*	*	*	*	Case=Dat\|Number=Sing	*	*	\[/N\]\[Dat\]	PROPN	Meloni	_	_	_	DAT	basic	49-8	_	_	
49-7	9510-9518	szüksége	*	*	Nom	*	*	*	*	*	*	Sing	*	*	*	*	*	*	Case=Nom\|Number=Sing\|Number\[psor\]=Sing\|Person\[psor\]=3	*	*	\[/N\]\[Poss.3Sg\]\[Nom\]	NOUN	szükség	_	_	_	SUBJ	basic	49-8	_	_	
49-8	9519-9523	volt	*	*	*	*	*	*	Ind	*	*	Sing	3	*	*	*	Past	*	Definite=Ind\|Mood=Ind\|Number=Sing\|Person=3\|Tense=Past\|VerbForm=Fin\|Voice=Act	Fin	Act	\[/V\]\[Pst.NDef.3Sg\]	VERB	van	_	_	_	ATT	basic	49-5	_	_	
49-9	9524-9526	az	*	*	*	*	*	*	*	*	*	*	*	*	Art	*	*	*	Definite=Def\|PronType=Art	*	*	\[/Det\|Art.Def\]	DET	az	_	_	_	DET	basic	49-11	_	_	
49-10	9527-9536	ellenzéki	*	*	Nom	*	Pos	*	*	*	*	Sing	*	*	*	*	*	*	Case=Nom\|Degree=Pos\|Number=Sing	*	*	\[/Adj\]\[Nom\]	ADJ	ellenzéki	_	_	_	ATT	basic	49-11	_	_	
49-11	9537-9543	pártok	*	*	Nom	*	*	*	*	*	*	Plur	*	*	*	*	*	*	Case=Nom\|Number=Plur	*	*	\[/N\]\[Pl\]\[Nom\]	NOUN	párt	_	*	PRW	ATT	basic	49-12	poss	49-12	
49-12	9544-9552	voksaira	*	*	Sub	*	*	*	*	*	*	Plur	*	*	*	*	*	*	Case=Sub\|Number=Plur\|Number\[psor\]=Sing\|Person\[psor\]=3	*	*	\[/N\]\[Pl.Poss.3Sg\]\[Subl\]	NOUN	voks	Pmet	*	PRW	OBL	basic	49-8	_	_	
49-13	9553-9554	,	_	_	_	_	_	_	_	_	_	_	_	_	_	_	_	_	_	_	_	\[Punct\]	PUNCT	,	_	_	_	PUNCT	basic	49-8	_	_	
49-14	9555-9561	miután	*	*	Nom	*	*	*	*	*	*	Sing	3	*	Rel	*	*	*	Case=Nom\|Number=Sing\|Person=3\|PronType=Rel	*	*	\[/Adv\|Pro\|Rel\]	PRON	miután	_	_	_	SUBJ	basic	49-19	_	_	
49-15	9562-9563	a	*	*	*	*	*	*	*	*	*	*	*	*	Art	*	*	*	Definite=Def\|PronType=Art	*	*	\[/Det\|Art.Def\]	DET	a	_	_	_	DET	basic	49-17	_	_	
49-16	9564-9569	Forza	*	*	Nom	*	*	*	*	*	*	Sing	*	*	*	*	*	*	Case=Nom\|Number=Sing	*	*	\[/N\]\[Nom\]	PROPN	Forza	_	*[34]|*[35]	PRA[34]|PRA[35]	NE	basic	49-17	tr|tr	49-20[0_34]|49-21[37_35]	
49-17	9570-9576	Italia	*	*	Nom	*	*	*	*	*	*	Sing	*	*	*	*	*	*	Case=Nom\|Number=Sing	*	*	\[/N\]\[Nom\]	PROPN	Italia	_	*[34]|*[35]	PRA[34]|PRA[35]	SUBJ	basic	49-19	_	_	
49-18	9577-9580	nem	*	*	*	*	*	*	*	*	*	*	*	*	Neg	*	*	*	PronType=Neg	*	*	\[/Adv\]	ADV	nem	_	_	_	NEG	basic	49-19	_	_	
49-19	9581-9585	volt	*	*	*	*	*	*	Ind	*	*	Sing	3	*	*	*	Past	*	Definite=Ind\|Mood=Ind\|Number=Sing\|Person=3\|Tense=Past\|VerbForm=Fin\|Voice=Act	Fin	Act	\[/V\]\[Pst.NDef.3Sg\]	VERB	van	_	_	_	ATT	basic	49-8	_	_	
49-20	9586-9594	hajlandó	*	*	Nom	*	Pos	*	*	*	*	Sing	*	*	*	*	*	*	Case=Nom\|Degree=Pos\|Number=Sing	*	*	\[/Adj\]\[Nom\]	ADJ	hajlandó	Pmet	*	PRWid	PRED	basic	49-19	_	_	
49-21	9595-9606	megszavazni	*	*	*	*	*	*	*	*	*	*	*	*	*	*	*	*	VerbForm=Inf\|Voice=Act	Inf	Act	\[/V\]\[Inf\]	VERB	megszavaz	Pmet	*[36]|*[37]	PRAid[36]|PRW[37]	INF	basic	49-19	lm	49-20[0_36]	
49-22	9607-9608	a	*	*	*	*	*	*	*	*	*	*	*	*	Art	*	*	*	Definite=Def\|PronType=Art	*	*	\[/Det\|Art.Def\]	DET	a	_	_	_	DET	basic	49-23	_	_	
49-23	9609-9617	szenátus	*	*	Nom	*	*	*	*	*	*	Sing	*	*	*	*	*	*	Case=Nom\|Number=Sing	*	*	\[/N\]\[Nom\]	NOUN	szenátus	_	_	_	ATT	basic	49-24	_	_	
49-24	9618-9627	elnökének	*	*	Dat	*	*	*	*	*	*	Sing	*	*	*	*	*	*	Case=Dat\|Number=Sing\|Number\[psor\]=Sing\|Person\[psor\]=3	*	*	\[/N\]\[Poss.3Sg\]\[Dat\]	NOUN	elnök	_	_	_	ATT	basic	49-25	_	_	
49-25	9628-9639	kinevezését	*	*	Acc	*	*	*	*	*	*	Sing	*	*	*	*	*	*	Case=Acc\|Number=Sing\|Number\[psor\]=Sing\|Person\[psor\]=3	*	*	\[/N\]\[Poss.3Sg\]\[Acc\]	NOUN	kinevezés	_	*	PRA	OBJ	basic	49-21	lm	49-21[37_0]	
49-26	9640-9641	.	_	_	_	_	_	_	_	_	_	_	_	_	_	_	_	_	_	_	_	\[Punct\]	PUNCT	.	_	_	_	PUNCT	basic	49-26	_	_	

#Text=Ha pedig valamit megtanulhattunk az elmúlt évek olasz politikájából , akkor az az , hogy a látszólagos stabilitás pillanatok alatt szerte tud foszlani .
50-1	9642-9644	Ha	_	_	_	_	_	_	_	_	_	_	_	_	_	_	_	_	_	_	_	\[/Cnj\]	SCONJ	ha	_	_	_	CONJ	basic	50-13	_	_	
50-2	9645-9650	pedig	_	_	_	_	_	_	_	_	_	_	_	_	_	_	_	_	_	_	_	\[/Cnj\]	CONJ	pedig	_	_	_	CONJ	basic	50-4	_	_	
50-3	9651-9658	valamit	*	*	Acc	*	*	*	*	*	*	Sing	3	*	Ind	*	*	*	Case=Acc\|Number=Sing\|Person=3\|PronType=Ind	*	*	\[/N\|Pro\]\[Acc\]	PRON	valami	_	_	_	OBJ	basic	50-4	_	_	
50-4	9659-9674	megtanulhattunk	*	*	*	*	*	*	Pot	*	*	Plur	1	*	*	*	Past	*	Definite=Ind\|Mood=Pot\|Number=Plur\|Person=1\|Tense=Past\|VerbForm=Fin\|Voice=Act	Fin	Act	\[/V\]\[\_Mod/V\]\[Pst.NDef.1Pl\]	VERB	megtanul	_	_	_	ATT	basic	50-1	_	_	
50-5	9675-9677	az	*	*	*	*	*	*	*	*	*	*	*	*	Art	*	*	*	Definite=Def\|PronType=Art	*	*	\[/Det\|Art.Def\]	DET	az	_	_	_	DET	basic	50-7	_	_	
50-6	9678-9684	elmúlt	*	*	Nom	*	Pos	*	*	*	*	Sing	*	*	*	*	*	*	Case=Nom\|Degree=Pos\|Number=Sing	*	*	\[/Adj\]\[Nom\]	ADJ	elmúlt	_	_	_	ATT	basic	50-7	_	_	
50-7	9685-9689	évek	*	*	Nom	*	*	*	*	*	*	Plur	*	*	*	*	*	*	Case=Nom\|Number=Plur	*	*	\[/N\]\[Pl\]\[Nom\]	NOUN	év	_	_	_	ATT	basic	50-9	_	_	
50-8	9690-9695	olasz	*	*	Nom	*	Pos	*	*	*	*	Sing	*	*	*	*	*	*	Case=Nom\|Degree=Pos\|Number=Sing	*	*	\[/Adj\]\[Nom\]	ADJ	olasz	_	_	_	ATT	basic	50-9	_	_	
50-9	9696-9709	politikájából	*	*	Ela	*	*	*	*	*	*	Sing	*	*	*	*	*	*	Case=Ela\|Number=Sing\|Number\[psor\]=Sing\|Person\[psor\]=3	*	*	\[/N\]\[Poss.3Sg\]\[Ela\]	NOUN	politika	_	_	_	OBL	basic	50-4	_	_	
50-10	9710-9711	,	_	_	_	_	_	_	_	_	_	_	_	_	_	_	_	_	_	_	_	\[Punct\]	PUNCT	,	_	_	_	PUNCT	basic	50-4	_	_	
50-11	9712-9717	akkor	*	*	Nom	*	*	*	*	*	*	Sing	3	*	Prs	*	*	*	Case=Nom\|Number=Sing\|Person=3\|PronType=Prs	*	*	\[/Adv\|Pro\]	PRON	akkor	_	_	_	SUBJ	basic	50-13	_	_	
50-12	9718-9720	az	*	*	Nom	*	*	*	*	*	*	Sing	3	*	Dem	*	*	*	Case=Nom\|Number=Sing\|Person=3\|PronType=Dem	*	*	\[/Det\|Pro\]\[Nom\]	PRON	az	_	_	_	SUBJ	basic	50-13	_	_	
50-13	9721-9723	az	*	*	Nom	*	*	*	*	*	*	Sing	3	*	Dem	*	*	*	Case=Nom\|Number=Sing\|Person=3\|PronType=Dem	*	*	\[/Det\|Pro\]\[Nom\]	PRON	az	_	_	_	ROOT	basic	50-13	_	_	
50-14	9724-9725	,	_	_	_	_	_	_	_	_	_	_	_	_	_	_	_	_	_	_	_	\[Punct\]	PUNCT	,	_	_	_	PUNCT	basic	50-13	_	_	
50-15	9726-9730	hogy	_	_	_	_	_	_	_	_	_	_	_	_	_	_	_	_	_	_	_	\[/Cnj\]	SCONJ	hogy	_	_	_	CONJ	basic	50-13	_	_	
50-16	9731-9732	a	*	*	*	*	*	*	*	*	*	*	*	*	Art	*	*	*	Definite=Def\|PronType=Art	*	*	\[/Det\|Art.Def\]	DET	a	_	_	_	DET	basic	50-18	_	_	
50-17	9733-9744	látszólagos	*	*	Nom	*	Pos	*	*	*	*	Sing	*	*	*	*	*	*	Case=Nom\|Degree=Pos\|Number=Sing	*	*	\[/Adj\]\[Nom\]	ADJ	látszólagos	_	_	_	ATT	basic	50-18	_	_	
50-18	9745-9755	stabilitás	*	*	Nom	*	*	*	*	*	*	Sing	*	*	*	*	*	*	Case=Nom\|Number=Sing	*	*	\[/N\]\[Nom\]	NOUN	stabilitás	_	_	_	SUBJ	basic	50-22	_	_	
50-19	9756-9766	pillanatok	*	*	Nom	*	*	*	*	*	*	Plur	*	*	*	*	*	*	Case=Nom\|Number=Plur	*	*	\[/N\]\[Pl\]\[Nom\]	NOUN	pillanat	_	_	_	ATT	basic	50-20	_	_	
50-20	9767-9772	alatt	_	_	_	_	_	_	_	_	_	_	_	_	_	_	_	_	_	_	_	\[/Post\]	ADP	alatt	_	_	_	TLOCY	basic	50-22	_	_	
50-21	9773-9779	szerte	_	_	_	_	_	_	_	_	_	_	_	_	_	_	_	_	_	_	_	\[/Prev\]	ADV	szerte	_	_	_	MODE	basic	50-22	_	_	
50-22	9780-9783	tud	*	*	*	*	*	*	Ind	*	*	Sing	3	*	*	*	Pres	*	Definite=Ind\|Mood=Ind\|Number=Sing\|Person=3\|Tense=Pres\|VerbForm=Fin\|Voice=Act	Fin	Act	\[/V\]\[Prs.NDef.3Sg\]	VERB	tud	_	_	_	ATT	basic	50-15	_	_	
50-23	9784-9792	foszlani	*	*	*	*	*	*	*	*	*	*	*	*	*	*	*	*	VerbForm=Inf\|Voice=Act	Inf	Act	\[/V\]\[Inf\]	VERB	foszlik	_	_	_	INF	basic	50-22	_	_	
50-24	9793-9794	.	_	_	_	_	_	_	_	_	_	_	_	_	_	_	_	_	_	_	_	\[Punct\]	PUNCT	.	_	_	_	PUNCT	basic	50-24	_	_	
